4461	250		
5639	6909	1122	14
5652	6142	1122	88
5654	6101	1122	47
5659	6910	1122	12
5659	6920	1122	82
5661	6182	1122	96
5663	6830	1122	88
5669	6213	1122	13
5670	6425	1122	87
5671	6870	1122	41
5673	6132	1122	23
5682	6840	1122	45
5690	6891	1122	18
5694	6801	1122	9
5698	6265	1122	4
5698	6952	1122	53
5701	6184	1122	24
5701	6407	1122	19
5712	6154	1122	50
5716	6296	1122	38
5720	6438	1122	35
5722	6397	1122	65
5722	6873	1122	28
5730	6458	1122	8
5731	6893	1122	86
5736	6317	1122	82
5737	6064	1122	57
5738	6034	1122	30
5738	6267	1122	95
5740	5984	1122	62
5741	6206	1122	71
5741	6418	1122	41
5744	6368	1122	65
5744	6823	1122	33
5746	6783	1122	84
5748	6490	1122	80
5748	6965	1122	19
5749	6944	1122	59
5750	6227	1122	42
5756	6308	1122	27
5758	6733	1122	16
5761	6440	1122	9
5762	6187	1122	21
5763	6389	1122	48
5774	6127	1122	54
5776	6319	1122	77
5776	6774	1122	10
5777	6289	1122	78
5779	6026	1122	28
5780	6916	1122	44
5783	6168	1122	48
5784	6137	1122	56
5788	6744	1122	67
5789	6249	1122	100
5790	5996	1122	3
5797	6077	1122	97
5799	6482	1122	77
5799	6957	1122	98
5800	6472	1122	52
5802	6411	1122	77
5804	6836	1122	48
5805	6350	1122	56
5806	6563	1122	56
5808	6047	1122	15
5810	6229	1122	87
5813	6159	1122	18
5817	6311	1122	23
5818	6988	1122	47
5820	6472	1122	85
5822	6200	1122	69
5822	6432	1122	44
5822	6877	1122	11
5825	6594	1122	44
5827	6089	1122	8
5829	6726	1122	14
5833	6392	1122	99
5833	6635	1122	6
5838	6281	1122	59
5840	6948	1122	22
5841	6686	1122	48
5842	6665	1122	93
5844	6160	1122	10
5846	6807	1122	77
5847	6544	1122	2
5847	6999	1122	27
5848	6049	1122	32
5850	6251	1122	61
5851	6919	1122	11
5853	6413	1122	71
5855	6120	1122	58
5859	6272	1122	12
5860	6009	1122	13
5860	6484	1122	74
5861	6687	1122	15
5863	6869	1122	90
5864	6616	1122	99
5867	6090	1122	88
5867	7010	1122	43
5872	6909	1122	27
5873	6171	1122	24
5874	6151	1122	23
5876	6333	1122	5
5878	6768	1122	5
5879	6738	1122	42
5879	6970	1122	82
5884	6394	1122	94
5890	6253	1122	51
5890	6718	1122	78
5891	6000	1122	43
5892	6668	1122	29
5893	6880	1122	4
5895	6840	1122	13
5896	6122	1122	94
5897	6324	1122	87
5898	6304	1122	67
5900	6496	1122	99
5902	5971	1122	60
5902	6911	1122	36
5905	6365	1122	77
5905	6618	1122	3
5906	7042	1122	46
5908	6759	1122	69
5908	7002	1122	96
5909	6042	1122	71
5910	6264	1122	9
5911	6941	1122	39
5912	6456	1122	17
5913	6891	1122	53
5914	6163	1122	73
5917	6568	1122	42
5920	6022	1122	75
5928	6083	1122	63
5932	6225	1122	21
5939	6983	1122	29
5940	6275	1122	3
5940	6953	1122	23
5941	6245	1122	75
5944	6185	1122	59
5945	5922	1122	37
5945	6144	1122	3
5946	6367	1122	20
5947	7034	1122	16
5949	6296	1122	92
5949	6529	1122	38
5953	6195	1122	46
5956	6832	1122	23
5957	6114	1122	55
5959	6064	1122	76
5961	6479	1122	49
5961	6944	1122	51
5962	6923	1122	68
5963	6438	1122	50
5963	6671	1122	54
5964	6418	1122	33
5964	6651	1122	10
5965	7095	1122	6
5966	6610	1122	27
5968	7025	1122	27
5973	6894	1122	91
5975	6388	1122	12
5975	6398	1122	86
5977	5873	1122	99
5977	6803	1122	97
5978	6783	1122	35
5980	6742	1122	25
5981	6712	1122	77
5981	6945	1122	71
5982	6004	1122	5
5984	5964	1122	26
5984	7117	1122	12
5986	6844	1122	65
5986	7076	1122	66
5989	5833	1122	84
5990	6975	1122	58
5991	6247	1122	36
5997	5884	1122	15
5997	7036	1122	50
5998	6096	1122	43
6004	5965	1122	93
6009	6996	1122	27
6010	6289	1122	93
6011	6723	1122	77
6012	6926	1122	26
6015	6178	1122	74
6016	6147	1122	39
6017	6360	1122	74
6019	5854	1122	42
6019	6552	1122	65
6019	7007	1122	66
6020	6977	1122	21
6023	6906	1122	83
6024	6663	1122	30
6025	5935	1122	64
6026	6603	1122	55
6028	6107	1122	97
6029	6785	1122	54
6031	6047	1122	75
6031	6259	1122	22
6033	6229	1122	23
6034	6209	1122	100
6035	6168	1122	1
6036	7078	1122	75
6041	5805	1122	90
6041	6502	1122	44
6041	6735	1122	89
6042	6017	1122	97
6042	6472	1122	77
6045	6179	1122	1
6046	5916	1122	76
6046	6856	1122	62
6052	6938	1122	68
6054	6200	1122	6
6055	6422	1122	89
6058	6351	1122	80
6060	6058	1122	22
6060	6523	1122	7
6062	6483	1122	56
6063	6453	1122	61
6065	5957	1122	20
6065	6645	1122	93
6068	6817	1122	11
6070	6999	1122	6
6071	6736	1122	71
6074	6666	1122	36
6076	6403	1122	37
6076	6615	1122	90
6076	7090	1122	39
6077	6372	1122	81
6077	9153	1122	76
6078	5887	1122	79
6078	6110	1122	64
6080	5847	1122	20
6081	5817	1122	40
6081	6969	1122	33
6082	5796	1122	56
6085	6423	1122	57
6086	6868	1122	10
6087	6150	1122	54
6088	6130	1122	44
6089	6322	1122	57
6090	6777	1122	78
6093	6474	1122	26
6094	5989	1122	19
6097	7071	1122	67
6098	6808	1122	88
6102	6950	1122	28
6105	6424	1122	74
6106	6394	1122	52
6106	7102	1122	13
6108	5899	1122	41
6109	6091	1122	19
6110	7011	1122	19
6111	6050	1122	39
6111	6293	1122	69
6114	5767	1122	28
6114	5990	1122	72
6115	6667	1122	7
6116	6637	1122	51
6116	9195	1122	66
6117	6607	1122	98
6118	9144	1122	39
6120	5859	1122	1
6120	6536	1122	40
6121	6759	1122	2
6122	6506	1122	21
6123	6253	1122	30
6123	6708	1122	88
6124	7608	1122	94
6126	5940	1122	61
6126	6172	1122	26
6127	6850	1122	89
6128	7527	1122	13
6131	6991	1122	98
6133	6951	1122	92
6134	5758	1122	16
6135	6901	1122	62
6135	9206	1122	52
6136	7103	1122	15
6139	6335	1122	17
6141	6072	1122	67
6141	6304	1122	74
6141	9064	1122	72
6142	6042	1122	52
6142	7659	1122	32
6143	6476	1122	58
6143	7639	1122	22
6145	9671	1122	50
6146	5708	1122	53
6146	7579	1122	77
6147	5931	1122	81
6147	6628	1122	93
6147	7073	1122	4
6148	6841	1122	7
6149	7498	1122	61
6150	6325	1122	23
6150	6548	1122	79
6151	5840	1122	59
6153	5800	1122	36
6154	6689	1122	10
6154	7144	1122	48
6155	5982	1122	10
6156	7346	1122	20
6158	5901	1122	20
6158	9601	1122	76
6159	5648	1122	64
6159	6113	1122	51
6160	6791	1122	99
6161	6295	1122	47
6161	7468	1122	49
6162	6508	1122	93
6164	6457	1122	96
6166	6892	1122	87
6166	7114	1122	78
6167	7327	1122	69
6169	7034	1122	99
6172	6053	1122	7
6172	6973	1122	50
6173	9258	1122	32
6174	6458	1122	41
6174	7165	1122	89
6176	5730	1122	65
6176	5962	1122	45
6176	7580	1122	12
6176	9662	1122	40
6177	6862	1122	23
6177	7550	1122	15
6177	9167	1122	77
6180	6802	1122	41
6181	5841	1122	57
6181	7459	1122	86
6182	6519	1122	59
6182	6751	1122	91
6183	9046	1122	56
6184	5781	1122	5
6185	6903	1122	30
6185	8520	1122	46
6186	6428	1122	8
6187	6397	1122	32
6189	6590	1122	30
6189	7277	1122	55
6190	5862	1122	31
6190	6327	1122	65
6190	6559	1122	85
6190	9562	1122	16
6191	7237	1122	57
6193	6964	1122	69
6193	7661	1122	75
6196	6651	1122	28
6196	9198	1122	18
6199	5670	1122	88
6199	7055	1122	60
6200	7500	1122	95
6201	6782	1122	24
6201	9320	1122	100
6202	7450	1122	56
6204	6247	1122	96
6204	7409	1122	79
6204	9724	1122	19
6206	9674	1122	16
6207	6166	1122	57
6208	6853	1122	20
6209	8441	1122	77
6209	9361	1122	27
6210	5863	1122	57
6210	9108	1122	39
6211	7005	1122	22
6212	6297	1122	25
6213	5802	1122	11
6213	6955	1122	65
6215	5984	1122	92
6215	6692	1122	6
6215	7602	1122	81
6217	5701	1122	50
6217	5944	1122	59
6217	7329	1122	25
6217	7571	1122	18
6218	6621	1122	63
6218	7531	1122	72
6219	5903	1122	7
6219	9604	1122	63
6223	6490	1122	9
6224	7643	1122	74
6225	8532	1122	65
6225	9230	1122	7
6227	7107	1122	70
6228	9159	1122	73
6232	9068	1122	100
6233	5803	1122	34
6233	7431	1122	18
6234	5793	1122	22
6234	6723	1122	77
6234	6935	1122	57
6235	6460	1122	42
6236	6430	1122	61
6236	7138	1122	97
6238	6390	1122	80
6239	6834	1122	70
6239	7057	1122	63
6239	7522	1122	1
6240	9807	1122	20
6241	5854	1122	37
6241	6774	1122	17
6241	9089	1122	6
6245	6218	1122	91
6245	8553	1122	71
6245	8998	1122	53
6246	7360	1122	81
6247	9190	1122	22
6248	8483	1122	46
6249	5672	1122	17
6249	6137	1122	4
6249	6380	1122	21
6250	6582	1122	49
6250	9362	1122	80
6250	9595	1122	92
6251	6552	1122	20
6251	7017	1122	46
6252	8392	1122	24
6253	6047	1122	49
6253	6279	1122	69
6254	6249	1122	70
6256	5966	1122	75
6256	6663	1122	3
6256	9686	1122	53
6257	6411	1122	50
6258	6623	1122	59
6258	7563	1122	78
6259	5915	1122	94
6259	8463	1122	44
6262	6997	1122	33
6262	9535	1122	95
6262	9545	1122	1
6263	6057	1122	10
6263	9050	1122	50
6266	6219	1122	96
6266	7604	1122	95
6267	5946	1122	78
6269	9838	1122	48
6270	7038	1122	68
6270	7513	1122	62
6270	9596	1122	35
6272	5835	1122	24
6272	9768	1122	8
6273	8363	1122	34
6273	9293	1122	34
6274	6715	1122	13
6275	5997	1122	56
6276	6907	1122	3
6277	6199	1122	40
6277	7119	1122	92
6277	7342	1122	73
6277	8979	1122	32
6277	9424	1122	50
6278	5694	1122	26
6278	9182	1122	58
6280	6584	1122	48
6280	7271	1122	14
6280	9141	1122	6
6281	6341	1122	44
6282	7463	1122	8
6282	8393	1122	74
6283	7433	1122	80
6283	9061	1122	44
6285	8565	1122	83
6285	9010	1122	13
6285	9253	1122	7
6286	6675	1122	59
6287	8515	1122	48
6287	9667	1122	81
6288	6169	1122	27
6288	7099	1122	75
6289	5684	1122	62
6289	6382	1122	21
6289	8464	1122	40
6291	6786	1122	94
6292	6089	1122	11
6292	6999	1122	68
6293	7666	1122	24
6294	6038	1122	76
6295	6483	1122	78
6295	8323	1122	99
6295	9476	1122	92
6296	7605	1122	53
6298	9415	1122	2
6299	6150	1122	51
6299	7535	1122	2
6300	5887	1122	72
6300	6817	1122	92
6302	6534	1122	49
6302	7242	1122	63
6306	6443	1122	15
6306	8991	1122	43
6311	7040	1122	18
6312	9325	1122	58
6313	6757	1122	91
6313	9527	1122	10
6314	9284	1122	6
6315	8567	1122	65
6317	5968	1122	14
6317	6191	1122	31
6317	6888	1122	47
6317	7353	1122	69
6317	9436	1122	99
6318	7556	1122	78
6318	8263	1122	7
6319	6383	1122	74
6320	5898	1122	19
6320	6595	1122	2
6320	8445	1122	32
6320	9143	1122	51
6320	9841	1122	4
6321	6333	1122	38
6322	7485	1122	42
6322	9093	1122	17
6323	6757	1122	33
6323	6980	1122	45
6323	8152	1122	43
6324	6262	1122	4
6324	8587	1122	39
6325	6717	1122	25
6326	6222	1122	91
6326	7607	1122	54
6327	8294	1122	8
6328	7334	1122	90
6329	6626	1122	40
6329	7091	1122	10
6331	6576	1122	80
6331	9346	1122	59
6332	7010	1122	8
6332	9801	1122	12
6333	9770	1122	4
6334	8133	1122	37
6334	8355	1122	5
6335	9497	1122	76
6338	5949	1122	2
6338	6404	1122	15
6339	5919	1122	41
6339	6151	1122	70
6339	9872	1122	16
6340	7536	1122	74
6340	9619	1122	99
6341	9589	1122	41
6342	5868	1122	55
6342	6556	1122	80
6342	6778	1122	46
6343	8143	1122	34
6344	7193	1122	17
6344	7668	1122	44
6346	5990	1122	67
6346	9478	1122	37
6348	6415	1122	20
6349	8952	1122	65
6350	7072	1122	76
6351	6819	1122	47
6352	6324	1122	78
6352	8416	1122	97
6353	5829	1122	70
6353	8609	1122	93
6353	9316	1122	22
6354	6041	1122	52
6355	6961	1122	94
6356	6688	1122	4
6356	7386	1122	85
6357	7143	1122	76
6357	7375	1122	73
6357	7608	1122	65
6357	8518	1122	37
6357	8528	1122	22
6358	8265	1122	13
6358	9205	1122	1
6359	8023	1122	37
6359	9165	1122	74
6360	5900	1122	76
6360	8922	1122	6
6361	9357	1122	53
6362	7264	1122	41
6362	8184	1122	83
6362	9114	1122	77
6364	7669	1122	69
6365	6254	1122	79
6367	8983	1122	55
6367	9216	1122	82
6368	6891	1122	67
6368	9438	1122	17
6369	6628	1122	16
6370	6365	1122	40
6370	7063	1122	31
6370	7770	1122	78
6371	8427	1122	11
6373	7235	1122	24
6373	7467	1122	11
6373	9075	1122	95
6375	9044	1122	35
6376	8327	1122	97
6376	9712	1122	26
6377	6921	1122	30
6377	7376	1122	82
6378	6183	1122	19
6380	6153	1122	50
6380	7993	1122	93
6380	8458	1122	3
6380	9398	1122	32
6380	9621	1122	53
6381	5900	1122	7
6381	6345	1122	84
6381	6598	1122	79
6382	7720	1122	55
6382	7963	1122	63
6383	7013	1122	95
6384	9540	1122	56
6385	8115	1122	83
6386	7852	1122	54
6389	8944	1122	1
6392	6093	1122	41
6392	6113	1122	25
6392	6326	1122	7
6392	6791	1122	40
6393	5850	1122	89
6393	9328	1122	14
6393	9793	1122	94
6395	6275	1122	94
6395	7650	1122	98
6395	9055	1122	18
6396	8338	1122	20
6396	8570	1122	58
6396	9480	1122	39
6397	6912	1122	38
6397	8540	1122	66
6398	7124	1122	55
6399	8479	1122	56
6399	9652	1122	80
6400	6609	1122	64
6400	9167	1122	77
6401	7276	1122	90
6401	9834	1122	12
6402	6569	1122	43
6402	9126	1122	98
6404	6053	1122	99
6404	6993	1122	3
6404	7913	1122	20
6406	6478	1122	48
6406	6720	1122	94
6407	6225	1122	16
6407	7620	1122	38
6407	8065	1122	69
6407	9005	1122	77
6408	5972	1122	16
6408	7357	1122	43
6408	7833	1122	46
6408	8288	1122	16
6409	7095	1122	81
6410	7772	1122	57
6411	6822	1122	33
6411	7519	1122	76
6412	8429	1122	86
6414	6751	1122	45
6414	7226	1122	99
6415	5811	1122	97
6415	7196	1122	75
6415	7418	1122	72
6416	8096	1122	86
6416	9491	1122	20
6418	8510	1122	22
6419	6175	1122	28
6420	9855	1122	97
6423	7712	1122	54
6424	6307	1122	45
6424	8389	1122	55
6425	7894	1122	24
6426	9714	1122	88
6427	6236	1122	12
6427	9229	1122	98
6429	7803	1122	59
6431	6135	1122	56
6431	9370	1122	51
6431	9613	1122	71
6432	5882	1122	57
6432	6802	1122	16
6433	6095	1122	38
6433	7025	1122	63
6434	9320	1122	96
6437	7146	1122	34
6438	6914	1122	51
6438	7369	1122	20
6438	8066	1122	41
6438	9674	1122	88
6439	5954	1122	76
6439	6419	1122	36
6439	8279	1122	71
6439	8966	1122	86
6440	8006	1122	8
6441	6368	1122	84
6441	6611	1122	33
6441	9846	1122	27
6442	7743	1122	91
6442	7966	1122	72
6442	8208	1122	92
6442	9128	1122	36
6443	5863	1122	21
6443	8168	1122	93
6443	9108	1122	34
6446	8582	1122	25
6447	6004	1122	18
6448	7127	1122	77
6448	8532	1122	46
6448	8997	1122	58
6450	7561	1122	64
6450	8239	1122	79
6450	9401	1122	97
6452	6813	1122	19
6453	7026	1122	81
6453	7491	1122	58
6454	6308	1122	44
6454	8623	1122	34
6455	6520	1122	82
6456	6035	1122	88
6456	6268	1122	75
6456	8340	1122	63
6457	6692	1122	95
6457	7855	1122	13
6457	8553	1122	72
6458	6450	1122	11
6458	7612	1122	23
6459	6885	1122	88
6459	8280	1122	15
6460	5924	1122	37
6460	7329	1122	58
6461	7067	1122	51
6464	9321	1122	15
6465	5823	1122	75
6465	6986	1122	8
6466	6733	1122	89
6466	7188	1122	70
6466	9513	1122	22
6467	6470	1122	22
6469	8502	1122	52
6470	6622	1122	5
6471	6137	1122	22
6471	6835	1122	72
6472	7744	1122	82
6472	9605	1122	34
6473	6562	1122	33
6475	9534	1122	3
6477	6936	1122	3
6477	7168	1122	35
6477	7401	1122	64
6477	8088	1122	88
6479	6188	1122	67
6479	7118	1122	52
6479	7826	1122	97
6480	7330	1122	89
6481	6855	1122	96
6481	8240	1122	5
6482	8432	1122	80
6482	8897	1122	80
6483	8190	1122	73
6484	5844	1122	7
6484	6309	1122	91
6484	7229	1122	30
6484	7694	1122	35
6485	6512	1122	17
6485	9302	1122	1
6486	8119	1122	94
6488	6906	1122	43
6488	7614	1122	32
6488	8999	1122	18
6488	9241	1122	98
6488	9454	1122	6
6491	6380	1122	79
6492	7513	1122	25
6493	6108	1122	71
6493	9575	1122	80
6494	9788	1122	39
6496	6037	1122	56
6496	6047	1122	17
6496	8585	1122	82
6497	6472	1122	95
6498	6684	1122	32
6498	8544	1122	41
6499	5976	1122	16
6499	8514	1122	88
6500	7341	1122	79
6500	7806	1122	62
6500	8029	1122	83
6501	9394	1122	68
6503	5886	1122	14
6503	9343	1122	52
6504	6775	1122	77
6506	9050	1122	57
6506	9283	1122	63
6507	7645	1122	99
6507	9717	1122	14
6510	6169	1122	19
6510	6422	1122	61
6510	9192	1122	30
6511	5936	1122	28
6511	6846	1122	3
6511	8464	1122	29
6512	6129	1122	14
6512	7069	1122	67
6513	7028	1122	29
6513	8424	1122	67
6514	6088	1122	5
6514	6553	1122	19
6514	7008	1122	51
6514	7948	1122	72
6514	9101	1122	39
6515	6523	1122	93
6515	7453	1122	32
6516	7898	1122	8
6516	8585	1122	63
6517	5795	1122	56
6517	8565	1122	43
6518	6928	1122	38
6518	8313	1122	34
6519	6442	1122	71
6519	9667	1122	67
6520	5957	1122	70
6521	8929	1122	12
6522	7757	1122	40
6523	6109	1122	21
6525	6291	1122	10
6525	7686	1122	42
6526	9526	1122	8
6527	6716	1122	72
6527	7181	1122	79
6528	5998	1122	16
6528	6240	1122	36
6528	7626	1122	15
6528	7848	1122	68
6529	5735	1122	50
6529	5755	1122	81
6529	6898	1122	72
6529	8980	1122	46
6530	7575	1122	21
6530	9648	1122	97
6531	9860	1122	53
6532	5907	1122	20
6532	6827	1122	31
6532	8212	1122	58
6533	9132	1122	16
6533	9597	1122	90
6535	6989	1122	100
6535	8384	1122	13
6536	5806	1122	11
6538	8091	1122	71
6540	6656	1122	11
6540	7808	1122	62
6541	6393	1122	14
6541	7090	1122	2
6541	7323	1122	89
6542	6605	1122	79
6543	6352	1122	52
6544	7485	1122	88
6545	9557	1122	88
6546	8142	1122	85
6546	9759	1122	57
6548	6009	1122	43
6548	9244	1122	52
6549	5979	1122	83
6550	8051	1122	56
6551	5928	1122	44
6551	9173	1122	79
6552	8456	1122	60
6553	6575	1122	99
6553	7980	1122	31
6554	8173	1122	87
6554	8880	1122	90
6555	5847	1122	60
6555	6070	1122	16
6555	9325	1122	49
6556	9052	1122	34
6558	6464	1122	47
6559	5757	1122	86
6559	6687	1122	99
6559	6899	1122	41
6560	6191	1122	66
6561	9871	1122	36
6561	9881	1122	47
6562	7758	1122	15
6563	6808	1122	64
6565	7465	1122	56
6565	7708	1122	81
6565	8395	1122	78
6565	8618	1122	33
6566	6525	1122	16
6566	6748	1122	62
6566	6980	1122	29
6566	9528	1122	80
6567	6252	1122	23
6567	8578	1122	51
6567	8820	1122	30
6568	6930	1122	52
6568	8315	1122	49
6569	7152	1122	18
6569	9457	1122	37
6570	6434	1122	89
6572	7082	1122	21
6572	7314	1122	52
6572	8012	1122	84
6573	5889	1122	59
6573	7041	1122	74
6573	7516	1122	59
6573	9134	1122	43
6573	9609	1122	81
6574	7253	1122	23
6574	9569	1122	77
6575	9316	1122	86
6576	7921	1122	44
6577	6960	1122	87
6577	7203	1122	56
6577	7880	1122	42
6578	6020	1122	80
6578	7638	1122	100
6578	9255	1122	19
6579	6212	1122	87
6580	7345	1122	96
6580	8285	1122	91
6581	5950	1122	3
6581	7790	1122	81
6581	9640	1122	7
6582	6162	1122	41
6583	6354	1122	66
6583	9144	1122	21
6583	9842	1122	30
6584	6566	1122	55
6584	8417	1122	14
6585	7001	1122	88
6587	6728	1122	47
6587	8589	1122	79
6588	7396	1122	87
6589	5758	1122	80
6589	9003	1122	98
6590	7578	1122	31
6590	7820	1122	27
6590	9205	1122	47
6591	6405	1122	10
6591	6880	1122	97
6591	8023	1122	10
6596	6304	1122	16
6596	8619	1122	97
6596	8832	1122	3
6596	9297	1122	37
6597	5809	1122	66
6597	7659	1122	48
6597	9752	1122	100
6599	6456	1122	30
6599	6678	1122	57
6599	7851	1122	23
6599	9701	1122	94
6600	6436	1122	38
6600	6901	1122	58
6600	8518	1122	72
6601	6638	1122	28
6602	6153	1122	65
6602	7093	1122	45
6602	8235	1122	6
6604	7740	1122	5
6605	8640	1122	21
6605	8872	1122	41
6605	9792	1122	59
6606	8377	1122	37
6607	6497	1122	65
6607	8134	1122	5
6608	6244	1122	49
6608	7417	1122	49
6608	8104	1122	37
6609	5991	1122	16
6609	8317	1122	44
6611	7336	1122	63
6612	7781	1122	9
6612	9621	1122	10
6613	6598	1122	70
6613	7983	1122	20
6614	7730	1122	43
6615	6083	1122	5
6615	6548	1122	26
6616	7458	1122	65
6616	7923	1122	55
6617	6275	1122	42
6617	6730	1122	35
6617	7892	1122	44
6617	9520	1122	53
6618	6012	1122	21
6619	8539	1122	72
6620	6912	1122	78
6620	7144	1122	3
6620	7367	1122	52
6620	7832	1122	22
6621	6881	1122	94
6621	8954	1122	23
6622	6164	1122	57
6622	7549	1122	29
6622	8469	1122	45
6622	9864	1122	89
6623	6841	1122	73
6623	7064	1122	20
6624	9369	1122	78
6625	7256	1122	86
6625	8631	1122	45
6626	9075	1122	36
6626	9308	1122	13
6627	9278	1122	15
6628	7873	1122	27
6630	6205	1122	99
6631	8277	1122	74
6631	9197	1122	9
6632	9632	1122	59
6634	8429	1122	1
6635	6326	1122	99
6635	9116	1122	74
6635	9571	1122	93
6636	6306	1122	21
6636	8854	1122	93
6637	6043	1122	4
6637	8358	1122	64
6638	6963	1122	98
6638	7408	1122	83
6638	9966	1122	75
6639	9713	1122	72
6640	7600	1122	63
6640	8308	1122	80
6640	8995	1122	34
6642	6852	1122	33
6643	7994	1122	29
6644	6124	1122	14
6644	6357	1122	10
6644	6812	1122	32
6644	7044	1122	24
6645	6326	1122	7
6646	6761	1122	18
6647	9531	1122	57
6649	7631	1122	28
6651	6428	1122	72
6651	7125	1122	87
6653	7773	1122	39
6653	8470	1122	11
6654	7510	1122	58
6654	7752	1122	1
6654	8895	1122	4
6655	8652	1122	50
6657	6742	1122	5
6657	7682	1122	18
6657	8612	1122	49
6659	6711	1122	52
6660	9916	1122	68
6661	6651	1122	95
6661	8511	1122	25
6663	6610	1122	43
6663	6843	1122	11
6663	7308	1122	20
6663	9633	1122	3
6664	7278	1122	25
6664	8430	1122	98
6664	9370	1122	9
6665	7712	1122	2
6666	9775	1122	20
6667	6995	1122	58
6667	8147	1122	11
6667	9997	1122	72
6668	6489	1122	13
6669	6004	1122	38
6669	8562	1122	82
6669	9259	1122	99
6670	6216	1122	98
6670	6459	1122	65
6670	7146	1122	39
6670	9472	1122	30
6670	9684	1122	65
6671	7581	1122	99
6672	8956	1122	87
6673	8238	1122	55
6674	7046	1122	64
6674	7521	1122	94
6674	9826	1122	50
6675	6793	1122	71
6676	8623	1122	84
6677	6065	1122	97
6677	7440	1122	11
6677	7905	1122	30
6678	6035	1122	16
6678	6732	1122	63
6678	9058	1122	25
6680	7834	1122	68
6681	6894	1122	33
6682	6176	1122	5
6683	9169	1122	78
6684	7299	1122	34
6685	6581	1122	49
6685	8886	1122	63
6688	6278	1122	31
6688	8825	1122	71
6689	6005	1122	30
6689	7178	1122	83
6689	9725	1122	18
6690	7845	1122	99
6691	7370	1122	51
6691	8512	1122	20
6691	9442	1122	35
6692	7794	1122	59
6692	8967	1122	62
6693	8239	1122	68
6693	8694	1122	58
6694	7511	1122	2
6695	6804	1122	79
6696	8856	1122	2
6697	7916	1122	66
6700	6683	1122	89
6700	8310	1122	46
6701	7593	1122	56
6704	6137	1122	31
6704	7765	1122	37
6704	8442	1122	35
6704	8917	1122	27
6705	6107	1122	76
6705	7047	1122	44
6706	6087	1122	84
6706	10019	1122	35
6707	8624	1122	19
6708	9049	1122	74
6709	7866	1122	85
6710	8543	1122	25
6711	7138	1122	84
6711	9918	1122	11
6712	6410	1122	63
6712	7108	1122	94
6713	5935	1122	86
6713	9635	1122	61
6715	6117	1122	46
6715	9595	1122	81
6716	6562	1122	20
6716	7017	1122	94
6716	9342	1122	50
6717	6754	1122	58
6717	8382	1122	96
6718	6037	1122	64
6718	7209	1122	13
6718	8827	1122	36
6720	6229	1122	12
6720	6471	1122	52
6720	7169	1122	66
6720	8786	1122	83
6720	9484	1122	77
6721	8999	1122	56
6722	8736	1122	35
6723	7088	1122	90
6723	9403	1122	84
6724	7078	1122	6
6725	5895	1122	28
6725	6350	1122	43
6726	7948	1122	52
6727	6300	1122	73
6727	7240	1122	29
6727	7685	1122	61
6727	9788	1122	9
6729	7644	1122	33
6729	7887	1122	5
6730	8554	1122	91
6731	6452	1122	58
6731	6906	1122	85
6732	5956	1122	95
6733	6158	1122	74
6733	7331	1122	58
6733	9171	1122	34
6734	6138	1122	17
6734	7058	1122	96
6734	9151	1122	97
6734	9838	1122	42
6736	7261	1122	56
6737	6543	1122	40
6737	7473	1122	56
6738	6058	1122	38
6738	6967	1122	11
6738	9283	1122	82
6739	6502	1122	4
6739	9727	1122	88
6740	6705	1122	59
6740	6937	1122	68
6740	7857	1122	86
6742	6199	1122	68
6742	7817	1122	76
6743	8252	1122	24
6744	8009	1122	19
6745	7504	1122	79
6746	6786	1122	62
6746	7018	1122	35
6746	9101	1122	68
6746	10041	1122	24
6748	8363	1122	21
6748	9061	1122	38
6749	7190	1122	66
6749	7645	1122	95
6749	9040	1122	88
6750	6250	1122	4
6751	7140	1122	14
6751	8535	1122	40
6752	6655	1122	5
6752	7110	1122	17
6752	7585	1122	23
6752	9425	1122	26
6753	6857	1122	38
6753	9647	1122	13
6754	9859	1122	3
6755	5886	1122	13
6756	7959	1122	1
6756	8889	1122	51
6756	9354	1122	27
6757	6999	1122	85
6757	7696	1122	63
6757	9779	1122	13
6758	6756	1122	69
6759	8121	1122	7
6760	6473	1122	59
6760	8778	1122	23
6760	9253	1122	78
6762	9213	1122	34
6764	5927	1122	29
6764	6837	1122	33
6764	7080	1122	81
6764	8930	1122	83
6764	9627	1122	80
6765	7282	1122	54
6766	9577	1122	37
6767	7929	1122	71
6769	6271	1122	41
6769	7191	1122	28
6769	7434	1122	66
6770	6939	1122	72
6770	7869	1122	72
6770	8324	1122	19
6773	8728	1122	6
6774	6160	1122	20
6774	9395	1122	37
6776	7960	1122	99
6777	6322	1122	52
6777	7020	1122	1
6777	7485	1122	2
6777	8860	1122	28
6778	5837	1122	92
6779	8354	1122	46
6780	9962	1122	48
6781	8779	1122	55
6782	9669	1122	93
6783	7343	1122	73
6783	7798	1122	21
6783	8274	1122	12
6783	8486	1122	82
6784	7556	1122	6
6785	6595	1122	83
6785	9153	1122	33
6786	8658	1122	25
6786	9345	1122	72
6786	9810	1122	79
6787	7708	1122	21
6788	6060	1122	50
6788	9072	1122	50
6789	6040	1122	73
6790	6009	1122	6
6790	7415	1122	29
6790	8567	1122	23
6791	6697	1122	45
6791	7162	1122	40
6791	8547	1122	23
6792	5979	1122	16
6792	9912	1122	98
6794	7324	1122	79
6795	6141	1122	73
6797	6545	1122	48
6797	8396	1122	50
6798	7920	1122	24
6799	7435	1122	66
6799	8588	1122	83
6800	7648	1122	91
6800	8113	1122	68
6800	8790	1122	26
6800	9720	1122	38
6801	9467	1122	82
6802	6434	1122	7
6802	6899	1122	28
6803	6657	1122	5
6804	5939	1122	100
6804	6617	1122	7
6805	6131	1122	58
6805	7991	1122	29
6805	8922	1122	83
6806	7051	1122	91
6806	7274	1122	92
6807	9114	1122	83
6807	10034	1122	77
6808	6303	1122	96
6808	7223	1122	82
6809	7203	1122	47
6809	9296	1122	98
6810	6718	1122	54
6810	8345	1122	75
6810	9023	1122	14
6812	7132	1122	84
6813	6182	1122	55
6815	5899	1122	87
6815	6152	1122	67
6815	6364	1122	17
6817	7476	1122	9
6819	9761	1122	84
6819	9984	1122	97
6821	7618	1122	41
6822	8750	1122	33
6822	8983	1122	89
6824	5940	1122	7
6824	9873	1122	84
6825	8690	1122	77
6826	7962	1122	76
6826	9135	1122	22
6827	5859	1122	73
6827	6557	1122	9
6827	7032	1122	24
6827	8174	1122	67
6828	6769	1122	23
6828	7012	1122	96
6828	8629	1122	49
6829	6294	1122	17
6829	7902	1122	86
6829	8124	1122	36
6829	8377	1122	23
6829	8832	1122	48
6830	7416	1122	31
6830	8801	1122	5
6831	6466	1122	55
6833	7588	1122	92
6833	8053	1122	89
6833	9661	1122	34
6834	7548	1122	89
6835	7305	1122	88
6835	9610	1122	47
6835	9843	1122	18
6836	6123	1122	89
6836	8215	1122	95
6836	8893	1122	78
6838	9085	1122	97
6838	9560	1122	15
6839	6527	1122	45
6840	6254	1122	83
6840	9044	1122	83
6841	9934	1122	6
6842	8771	1122	49
6843	7356	1122	38
6843	8276	1122	78
6843	8519	1122	47
6843	9904	1122	36
6844	8013	1122	77
6844	8478	1122	30
6845	5921	1122	36
6845	6143	1122	79
6845	9388	1122	56
6846	7751	1122	45
6846	8216	1122	50
6846	8681	1122	19
6847	6093	1122	12
6847	7953	1122	74
6848	7013	1122	51
6848	7710	1122	3
6848	10015	1122	31
6849	6052	1122	100
6849	8378	1122	57
6850	6487	1122	61
6850	8570	1122	71
6851	6002	1122	30
6852	6689	1122	16
6852	7599	1122	67
6852	7619	1122	88
6852	7842	1122	61
6853	8752	1122	22
6854	5951	1122	97
6854	9874	1122	95
6855	7316	1122	91
6855	8934	1122	39
6856	6831	1122	32
6856	7064	1122	77
6856	7519	1122	24
6857	6336	1122	34
6857	6801	1122	69
6857	9338	1122	2
6858	6305	1122	86
6858	7478	1122	76
6859	6528	1122	22
6860	6740	1122	97
6862	9237	1122	90
6863	6205	1122	49
6863	6670	1122	2
6864	8257	1122	92
6864	8499	1122	18
6864	8712	1122	25
6866	9834	1122	12
6867	6579	1122	96
6867	7034	1122	9
6867	7266	1122	34
6868	9784	1122	99
6870	7671	1122	88
6872	7155	1122	93
6873	6903	1122	26
6875	6397	1122	76
6875	7085	1122	18
6877	5882	1122	81
6877	8419	1122	58
6879	7216	1122	49
6879	8146	1122	97
6880	7894	1122	87
6881	6246	1122	56
6881	7408	1122	44
6882	6448	1122	76
6882	9471	1122	8
6883	7590	1122	89
6883	8743	1122	2
6884	6408	1122	64
6884	7803	1122	21
6885	5922	1122	64
6885	6610	1122	83
6886	7762	1122	26
6887	7035	1122	34
6888	5862	1122	34
6888	7237	1122	12
6889	6539	1122	46
6889	6762	1122	72
6889	8834	1122	2
6890	6277	1122	99
6890	9512	1122	22
6891	6954	1122	34
6891	9026	1122	81
6892	6469	1122	4
6892	7166	1122	36
6892	8541	1122	94
6893	6216	1122	48
6893	8056	1122	72
6893	8986	1122	24
6894	6418	1122	49
6894	7348	1122	58
6894	8278	1122	37
6894	8956	1122	34
6895	7540	1122	77
6896	6135	1122	39
6896	9158	1122	50
6896	10078	1122	90
6897	8885	1122	26
6897	9583	1122	100
6898	5862	1122	87
6898	7470	1122	15
6899	6985	1122	49
6899	7915	1122	5
6900	8127	1122	97
6900	8370	1122	96
6900	8592	1122	88
6900	9987	1122	23
6901	6722	1122	7
6902	9694	1122	65
6903	5974	1122	99
6904	8259	1122	14
6904	9421	1122	51
6904	9664	1122	4
6906	7056	1122	96
6906	9603	1122	69
6907	6338	1122	64
6907	6358	1122	72
6907	7268	1122	39
6908	7713	1122	87
6908	8410	1122	43
6909	6065	1122	36
6909	10018	1122	73
6910	6520	1122	82
6912	8097	1122	15
6913	6449	1122	54
6913	6914	1122	68
6913	7137	1122	68
6914	9189	1122	8
6915	6389	1122	38
6915	6621	1122	58
6915	6854	1122	78
6916	8451	1122	41
6917	6591	1122	97
6917	7966	1122	51
6917	9119	1122	22
6917	9826	1122	32
6918	7026	1122	52
6918	8178	1122	7
6918	9331	1122	61
6920	7208	1122	3
6920	7430	1122	73
6920	8825	1122	22
6920	9513	1122	47
6921	7885	1122	85
6921	9260	1122	53
6922	6005	1122	83
6922	6227	1122	11
6922	6692	1122	34
6922	8330	1122	27
6923	7380	1122	3
6923	7845	1122	75
6924	9897	1122	33
6925	8027	1122	61
6927	7744	1122	99
6927	10069	1122	8
6929	9776	1122	35
6929	10009	1122	28
6930	7673	1122	85
6931	7178	1122	34
6931	9726	1122	12
6934	7340	1122	72
6935	5945	1122	26
6935	6410	1122	34
6935	7107	1122	99
6935	8260	1122	40
6936	7077	1122	92
6936	8462	1122	92
6937	5905	1122	42
6937	6127	1122	84
6937	7057	1122	40
6939	7472	1122	5
6939	9554	1122	79
6940	8381	1122	45
6941	6491	1122	33
6941	7644	1122	12
6942	6926	1122	85
6942	8088	1122	73
6943	8523	1122	53
6945	6178	1122	15
6945	8948	1122	64
6946	6855	1122	75
6947	7280	1122	16
6948	6330	1122	76
6948	6572	1122	94
6948	9110	1122	3
6949	7229	1122	84
6950	6289	1122	69
6950	8604	1122	12
6951	6259	1122	37
6951	7654	1122	61
6953	6229	1122	72
6953	6674	1122	86
6953	8989	1122	12
6954	7361	1122	56
6955	6633	1122	95
6955	8493	1122	23
6955	9888	1122	2
6956	8231	1122	21
6956	8706	1122	39
6957	6370	1122	57
6959	7695	1122	87
6960	6057	1122	54
6960	8837	1122	62
6961	6957	1122	43
6962	6482	1122	54
6962	7867	1122	27
6962	9960	1122	70
6964	9212	1122	35
6966	6846	1122	69
6967	6128	1122	1
6967	7513	1122	79
6967	7978	1122	28
6967	9849	1122	20
6968	8201	1122	93
6968	8666	1122	34
6969	8393	1122	8
6972	7412	1122	34
6973	5987	1122	16
6973	7625	1122	37
6973	8070	1122	58
6974	7129	1122	70
6975	7342	1122	2
6975	9414	1122	35
6976	7787	1122	30
6976	8929	1122	6
6976	9172	1122	15
6977	7291	1122	44
6980	6988	1122	96
6980	8151	1122	46
6980	9778	1122	52
6981	8131	1122	12
6981	9283	1122	36
6982	6948	1122	34
6983	9708	1122	76
6984	8282	1122	49
6984	8990	1122	73
6986	7555	1122	1
6987	7059	1122	79
6988	6584	1122	78
6988	7039	1122	52
6988	8192	1122	53
6989	6776	1122	58
6989	7019	1122	9
6989	8646	1122	93
6989	9334	1122	91
6990	6524	1122	97
6990	8606	1122	13
6992	7191	1122	79
6992	9041	1122	52
6993	6241	1122	16
6993	8778	1122	78
6993	9698	1122	95
6994	5968	1122	70
6994	6433	1122	79
6994	8060	1122	35
6995	6413	1122	40
6995	9900	1122	71
6997	5907	1122	84
6997	9142	1122	84
6998	5887	1122	76
6998	7747	1122	89
6999	7242	1122	5
6999	7939	1122	55
7000	7697	1122	41
7001	8829	1122	96
7002	7646	1122	29
7002	8566	1122	19
7003	8091	1122	93
7004	7141	1122	40
7005	7818	1122	67
7006	6170	1122	69
7007	6373	1122	22
7007	9395	1122	92
7008	7505	1122	53
7008	9830	1122	95
7009	7727	1122	4
7009	8415	1122	44
7009	8870	1122	71
7010	6535	1122	30
7010	7455	1122	33
7010	8152	1122	33
7010	10002	1122	85
7011	7899	1122	25
7011	8132	1122	59
7012	6494	1122	18
7012	6949	1122	63
7012	8344	1122	65
7013	6696	1122	74
7013	7616	1122	80
7013	9942	1122	39
7014	6666	1122	43
7014	9466	1122	13
7015	6878	1122	79
7015	9436	1122	13
7016	6626	1122	46
7016	7566	1122	57
7016	8021	1122	52
7017	6141	1122	54
7017	6373	1122	54
7017	7303	1122	83
7018	8446	1122	5
7019	7960	1122	91
7020	9083	1122	29
7021	7667	1122	73
7021	9538	1122	10
7022	8587	1122	83
7022	8800	1122	80
7023	7172	1122	84
7024	8759	1122	40
7025	6202	1122	96
7025	6889	1122	97
7025	8274	1122	15
7026	7789	1122	82
7026	8476	1122	53
7026	8709	1122	18
7027	5908	1122	92
7027	7526	1122	43
7027	8224	1122	60
7030	7243	1122	15
7031	6060	1122	11
7031	6748	1122	46
7031	7223	1122	3
7032	6263	1122	62
7032	6970	1122	71
7033	8315	1122	84
7034	5990	1122	38
7034	6455	1122	15
7034	8537	1122	92
7034	9225	1122	70
7035	7132	1122	57
7037	8932	1122	41
7037	9852	1122	86
7038	6586	1122	61
7039	6111	1122	65
7039	9346	1122	26
7040	6313	1122	93
7040	6778	1122	46
7041	9771	1122	47
7042	8113	1122	36
7042	8346	1122	55
7042	9276	1122	57
7042	9731	1122	38
7043	6020	1122	84
7043	6485	1122	73
7045	7365	1122	68
7046	7325	1122	26
7046	7800	1122	22
7046	9417	1122	94
7046	9882	1122	84
7048	7062	1122	75
7048	7982	1122	87
7048	8679	1122	46
7049	6334	1122	86
7049	9579	1122	26
7049	10034	1122	36
7050	7931	1122	20
7052	8589	1122	99
7052	9519	1122	7
7053	6931	1122	28
7053	7638	1122	15
7053	7861	1122	29
7054	6223	1122	96
7054	8993	1122	34
7055	5970	1122	75
7055	8508	1122	61
7055	9913	1122	64
7057	6617	1122	49
7057	8245	1122	37
7058	6132	1122	49
7058	8437	1122	16
7059	7275	1122	70
7059	8195	1122	86
7060	8407	1122	27
7061	6072	1122	81
7061	6294	1122	63
7061	6517	1122	10
7061	6759	1122	46
7062	6264	1122	5
7063	7396	1122	98
7063	9256	1122	45
7064	7609	1122	45
7065	6891	1122	35
7065	8063	1122	37
7065	8741	1122	32
7065	9681	1122	9
7066	5951	1122	79
7067	8013	1122	9
7067	9398	1122	33
7068	7750	1122	98
7069	9813	1122	42
7070	7700	1122	80
7070	8872	1122	2
7071	6062	1122	90
7071	7225	1122	26
7072	8812	1122	90
7072	9752	1122	74
7073	6012	1122	85
7073	9024	1122	5
7073	10187	1122	98
7074	9924	1122	7
7075	6669	1122	69
7075	8761	1122	83
7077	6153	1122	12
7077	6386	1122	56
7077	6861	1122	70
7077	7538	1122	16
7077	10106	1122	9
7078	5901	1122	58
7078	6831	1122	76
7078	9843	1122	27
7079	9126	1122	45
7080	6548	1122	63
7080	9095	1122	89
7081	6993	1122	37
7082	7427	1122	81
7082	9065	1122	87
7082	9298	1122	3
7084	5992	1122	90
7084	6467	1122	33
7084	7154	1122	23
7085	5972	1122	18
7085	6679	1122	37
7085	7377	1122	44
7085	8287	1122	18
7086	7802	1122	99
7086	8499	1122	60
7086	9187	1122	71
7088	9379	1122	45
7089	6578	1122	22
7089	9581	1122	41
7090	6083	1122	80
7090	7013	1122	96
7090	7488	1122	76
7092	6740	1122	55
7092	9996	1122	17
7094	6235	1122	84
7094	8550	1122	75
7094	9945	1122	18
7096	6660	1122	43
7097	8934	1122	24
7097	9642	1122	8
7098	8227	1122	84
7099	8904	1122	99
7099	10057	1122	19
7100	6791	1122	18
7100	9329	1122	75
7101	5841	1122	46
7101	6306	1122	42
7102	6983	1122	99
7102	7913	1122	63
7102	9753	1122	48
7103	7428	1122	52
7104	6013	1122	73
7104	7165	1122	26
7104	9005	1122	52
7106	6185	1122	83
7107	6862	1122	47
7107	7317	1122	28
7108	6610	1122	9
7109	8672	1122	22
7110	8652	1122	31
7111	5841	1122	10
7111	6761	1122	47
7111	10017	1122	49
7112	8136	1122	96
7112	8824	1122	44
7113	9511	1122	34
7114	6933	1122	26
7114	7631	1122	14
7114	7853	1122	99
7115	6671	1122	42
7115	8066	1122	1
7116	10138	1122	98
7117	6640	1122	53
7117	8480	1122	50
7117	8945	1122	14
7118	7530	1122	68
7119	6125	1122	10
7119	7287	1122	18
7121	6549	1122	16
7121	7702	1122	49
7121	9795	1122	34
7122	6064	1122	34
7123	6044	1122	35
7123	7197	1122	19
7124	6711	1122	84
7124	7156	1122	38
7125	9471	1122	84
7126	5963	1122	97
7126	9198	1122	30
7127	6863	1122	5
7129	6813	1122	32
7129	7278	1122	62
7130	5883	1122	55
7130	9118	1122	15
7131	8157	1122	47
7132	6297	1122	45
7132	6985	1122	82
7132	9290	1122	31
7132	9522	1122	14
7134	6944	1122	35
7134	8562	1122	9
7134	9714	1122	66
7135	6216	1122	23
7135	8542	1122	19
7136	7116	1122	92
7136	8279	1122	73
7137	5933	1122	62
7137	6631	1122	37
7138	7773	1122	33
7138	8006	1122	2
7138	8926	1122	24
7138	9159	1122	50
7138	9391	1122	23
7139	6601	1122	55
7140	6328	1122	27
7140	7025	1122	75
7140	8643	1122	44
7142	6753	1122	32
7142	7905	1122	41
7142	8613	1122	52
7143	6045	1122	78
7143	6500	1122	73
7143	8805	1122	60
7146	6894	1122	27
7146	8987	1122	39
7147	6399	1122	13
7147	6642	1122	85
7149	6834	1122	99
7149	7531	1122	11
7149	8219	1122	50
7151	5853	1122	37
7151	7238	1122	79
7152	7926	1122	34
7152	8158	1122	44
7152	10241	1122	10
7154	6248	1122	32
7154	7643	1122	37
7154	10180	1122	82
7155	7380	1122	84
7156	7592	1122	87
7156	8522	1122	1
7156	8745	1122	2
7157	6187	1122	67
7158	7077	1122	99
7158	8472	1122	54
7158	8694	1122	71
7159	6592	1122	99
7159	8907	1122	8
7160	7724	1122	89
7160	8432	1122	78
7161	6551	1122	19
7161	9786	1122	18
7163	5813	1122	14
7163	7198	1122	31
7163	7906	1122	72
7164	6723	1122	16
7164	8341	1122	90
7164	9261	1122	7
7169	9837	1122	87
7170	7269	1122	74
7171	6319	1122	95
7172	9999	1122	84
7173	9059	1122	37
7174	8806	1122	59
7174	9736	1122	38
7175	6228	1122	100
7175	6936	1122	64
7175	9484	1122	9
7176	6451	1122	20
7176	7128	1122	23
7177	6886	1122	65
7177	7351	1122	38
7177	7795	1122	21
7177	9898	1122	46
7180	8432	1122	8
7180	10293	1122	55
7181	6785	1122	23
7185	9929	1122	98
7186	8069	1122	47
7186	9211	1122	57
7187	8261	1122	46
7187	9656	1122	21
7188	6168	1122	53
7188	8473	1122	98
7190	9363	1122	27
7191	9808	1122	50
7194	8110	1122	15
7195	5997	1122	66
7195	9009	1122	76
7197	6664	1122	34
7197	7351	1122	7
7197	9424	1122	19
7198	7321	1122	89
7198	7554	1122	20
7198	8494	1122	92
7198	10334	1122	38
7199	9859	1122	42
7199	10081	1122	84
7200	7978	1122	56
7200	8201	1122	28
7201	8413	1122	66
7201	9101	1122	10
7202	5855	1122	29
7202	7705	1122	64
7202	9556	1122	12
7202	10021	1122	9
7204	5805	1122	75
7204	8353	1122	19
7205	6462	1122	39
7205	6937	1122	52
7205	8787	1122	20
7205	9707	1122	2
7205	10182	1122	23
7206	6209	1122	47
7206	6675	1122	13
7207	6877	1122	32
7207	8969	1122	56
7208	8939	1122	80
7209	7069	1122	98
7209	7766	1122	55
7210	6119	1122	95
7210	8676	1122	23
7210	9131	1122	41
7210	9839	1122	78
7211	6796	1122	7
7211	8869	1122	63
7212	7473	1122	24
7212	8626	1122	83
7212	10243	1122	51
7213	6058	1122	94
7213	6988	1122	98
7213	7211	1122	8
7214	6270	1122	99
7214	8575	1122	83
7215	7160	1122	87
7215	7868	1122	38
7216	6685	1122	86
7216	8313	1122	76
7217	7595	1122	91
7217	8515	1122	14
7218	6402	1122	96
7218	6645	1122	8
7218	8727	1122	7
7219	5917	1122	17
7221	7039	1122	94
7224	6493	1122	66
7224	7656	1122	85
7225	6706	1122	26
7226	6231	1122	18
7226	6443	1122	65
7226	9688	1122	34
7227	6665	1122	45
7227	7353	1122	42
7227	9213	1122	17
7228	8263	1122	65
7229	7545	1122	70
7230	7282	1122	66
7231	6332	1122	16
7233	7687	1122	53
7234	6736	1122	69
7234	10194	1122	71
7235	6939	1122	62
7235	8799	1122	43
7236	6908	1122	49
7236	8303	1122	20
7236	9244	1122	4
7237	8506	1122	40
7238	6170	1122	73
7239	6838	1122	95
7239	8000	1122	60
7239	9385	1122	4
7240	8688	1122	20
7240	8900	1122	51
7241	6120	1122	37
7241	8425	1122	9
7242	6545	1122	15
7242	7717	1122	12
7242	8162	1122	29
7242	9790	1122	96
7242	10255	1122	43
7243	9315	1122	47
7244	6282	1122	67
7245	8092	1122	48
7246	7839	1122	86
7246	8536	1122	71
7246	9477	1122	48
7247	5969	1122	74
7247	7121	1122	78
7247	8284	1122	8
7249	7323	1122	90
7250	7071	1122	28
7250	7283	1122	14
7250	7758	1122	66
7250	9133	1122	30
7250	9366	1122	74
7250	9608	1122	10
7251	6353	1122	13
7251	6585	1122	66
7252	7243	1122	82
7252	7930	1122	78
7252	9558	1122	11
7254	6980	1122	54
7254	8365	1122	57
7254	9052	1122	60
7254	9982	1122	61
7255	6009	1122	74
7255	6717	1122	62
7255	8557	1122	23
7256	8769	1122	19
7258	7344	1122	15
7258	8264	1122	14
7259	9871	1122	90
7260	7981	1122	39
7260	8214	1122	46
7261	9811	1122	77
7262	10033	1122	29
7263	7233	1122	23
7264	6273	1122	9
7265	6242	1122	51
7265	6495	1122	26
7265	6950	1122	96
7265	8103	1122	89
7266	7395	1122	16
7266	7627	1122	29
7266	10175	1122	82
7268	6424	1122	97
7269	7314	1122	69
7269	8719	1122	39
7269	10337	1122	79
7270	6607	1122	9
7270	8002	1122	95
7271	6121	1122	84
7271	7264	1122	99
7271	10276	1122	10
7272	6091	1122	42
7272	7021	1122	33
7273	6303	1122	54
7273	8851	1122	46
7273	9073	1122	9
7274	7446	1122	41
7274	8588	1122	69
7275	6030	1122	5
7275	8801	1122	70
7275	9255	1122	42
7277	8053	1122	39
7278	6192	1122	5
7279	5930	1122	76
7280	6132	1122	59
7280	6597	1122	69
7280	8214	1122	3
7282	6799	1122	58
7282	8417	1122	45
7283	7224	1122	39
7283	8629	1122	96
7284	9519	1122	15
7284	9761	1122	86
7285	7416	1122	71
7285	7871	1122	80
7286	9711	1122	21
7287	5758	1122	77
7287	5970	1122	11
7287	7598	1122	77
7287	8993	1122	82
7288	6415	1122	17
7288	8508	1122	51
7288	8740	1122	35
7288	9195	1122	61
7288	9671	1122	62
7289	8023	1122	63
7289	9640	1122	19
7290	9165	1122	56
7290	10085	1122	46
7291	9125	1122	61
7292	5859	1122	24
7293	6537	1122	75
7293	6992	1122	70
7293	7244	1122	99
7293	8154	1122	7
7294	5829	1122	89
7295	5809	1122	7
7295	7659	1122	58
7296	7639	1122	31
7296	9954	1122	31
7296	10399	1122	24
7297	7133	1122	94
7297	9449	1122	22
7298	6193	1122	36
7298	6658	1122	89
7298	9206	1122	2
7298	10369	1122	57
7299	7801	1122	79
7299	8953	1122	67
7300	9853	1122	60
7301	5890	1122	32
7301	8448	1122	69
7302	8175	1122	98
7302	10268	1122	28
7303	8852	1122	56
7304	8610	1122	82
7304	9297	1122	69
7306	6709	1122	31
7306	10177	1122	20
7307	7376	1122	88
7310	6143	1122	98
7310	7083	1122	10
7310	7306	1122	55
7311	7508	1122	94
7311	7741	1122	20
7312	6335	1122	35
7312	8661	1122	53
7312	9105	1122	51
7313	7690	1122	90
7313	7943	1122	64
7314	6052	1122	48
7314	6750	1122	58
7316	8570	1122	77
7317	5759	1122	8
7318	9904	1122	93
7319	6861	1122	63
7320	5931	1122	51
7320	6619	1122	56
7321	6831	1122	3
7321	9601	1122	37
7322	6811	1122	45
7323	6781	1122	1
7323	8388	1122	31
7323	8408	1122	22
7323	10248	1122	95
7324	6285	1122	57
7324	6993	1122	97
7326	6943	1122	25
7326	9713	1122	55
7326	10188	1122	19
7327	9935	1122	11
7328	6660	1122	89
7328	7600	1122	62
7329	5952	1122	83
7330	8004	1122	50
7330	8227	1122	33
7330	8247	1122	95
7332	6569	1122	39
7332	7044	1122	100
7332	7276	1122	27
7336	6488	1122	77
7336	8328	1122	13
7336	8793	1122	56
7337	6225	1122	71
7338	6438	1122	55
7339	8500	1122	75
7339	8965	1122	12
7339	9663	1122	32
7340	8692	1122	14
7340	10320	1122	28
7341	5892	1122	19
7342	9127	1122	26
7343	6771	1122	71
7344	7449	1122	11
7344	7681	1122	82
7345	5801	1122	16
7345	7894	1122	34
7346	6256	1122	59
7346	9269	1122	29
7346	9966	1122	34
7348	7823	1122	28
7349	6175	1122	36
7349	7348	1122	44
7349	7813	1122	71
7349	8733	1122	64
7349	10118	1122	78
7350	5700	1122	20
7350	7318	1122	47
7350	7773	1122	79
7350	9178	1122	48
7352	5650	1122	44
7352	7500	1122	10
7352	7965	1122	59
7352	8662	1122	9
7353	6084	1122	22
7353	7247	1122	64
7353	10037	1122	15
7354	6297	1122	30
7354	8855	1122	96
7354	9774	1122	87
7355	6034	1122	90
7355	8359	1122	13
7355	8602	1122	84
7356	6721	1122	53
7357	7389	1122	33
7357	8309	1122	9
7358	5751	1122	98
7358	5973	1122	69
7359	5943	1122	65
7359	9431	1122	49
7360	6863	1122	44
7360	7096	1122	76
7363	6317	1122	36
7363	9563	1122	44
7364	7005	1122	7
7365	10210	1122	51
7366	6267	1122	69
7367	6469	1122	86
7367	6924	1122	27
7367	9017	1122	81
7367	9947	1122	15
7367	10159	1122	50
7368	6682	1122	47
7369	9199	1122	90
7369	10351	1122	50
7370	7551	1122	36
7370	10331	1122	50
7372	6358	1122	78
7372	6591	1122	70
7372	9593	1122	72
7372	10281	1122	35
7374	9088	1122	31
7374	9320	1122	51
7375	9533	1122	52
7376	6722	1122	72
7377	5995	1122	38
7377	6015	1122	53
7377	6237	1122	8
7377	6702	1122	24
7377	10392	1122	70
7378	7369	1122	84
7379	6197	1122	26
7379	6652	1122	1
7379	6894	1122	49
7379	7127	1122	36
7380	6632	1122	13
7380	6864	1122	33
7380	8259	1122	22
7380	8937	1122	89
7380	9412	1122	69
7381	7066	1122	18
7381	7299	1122	90
7382	8209	1122	13
7383	9119	1122	67
7383	9806	1122	83
7384	6763	1122	81
7384	8158	1122	83
7385	6045	1122	52
7386	5803	1122	88
7386	9968	1122	87
7387	6480	1122	53
7387	7168	1122	8
7390	7087	1122	6
7390	8725	1122	97
7390	10100	1122	98
7391	5914	1122	3
7391	6612	1122	29
7392	7744	1122	62
7392	8897	1122	45
7393	8411	1122	7
7393	8644	1122	39
7394	6541	1122	44
7395	7208	1122	86
7397	6925	1122	90
7397	7856	1122	79
7397	9008	1122	61
7398	5975	1122	22
7398	6218	1122	87
7398	8311	1122	100
7398	10150	1122	63
7399	6430	1122	44
7399	8978	1122	68
7399	9665	1122	5
7400	6400	1122	58
7400	6632	1122	42
7401	7765	1122	38
7401	8230	1122	66
7401	10312	1122	52
7402	6127	1122	31
7403	10272	1122	41
7404	7462	1122	88
7404	9089	1122	83
7404	10242	1122	90
7405	6976	1122	80
7406	6501	1122	5
7406	7431	1122	72
7409	8503	1122	24
7409	9201	1122	68
7410	6168	1122	60
7410	7806	1122	92
7410	9878	1122	66
7411	6855	1122	46
7411	8463	1122	53
7412	7280	1122	48
7412	9373	1122	20
7413	6097	1122	2
7413	6572	1122	69
7413	9575	1122	36
7414	7240	1122	39
7416	8129	1122	9
7416	9049	1122	43
7416	9514	1122	26
7416	10212	1122	45
7417	6006	1122	21
7418	6694	1122	52
7419	7129	1122	93
7421	6391	1122	22
7421	7543	1122	68
7421	9636	1122	6
7423	6340	1122	4
7423	6795	1122	86
7423	7038	1122	76
7423	7958	1122	6
7423	8433	1122	21
7424	7705	1122	68
7424	10020	1122	69
7425	6522	1122	5
7426	6037	1122	90
7426	8362	1122	36
7426	8595	1122	7
7427	6714	1122	69
7427	7634	1122	67
7427	8787	1122	51
7428	7392	1122	77
7429	6664	1122	43
7430	5936	1122	36
7431	7999	1122	63
7431	8019	1122	87
7432	9151	1122	28
7433	8656	1122	26
7434	6310	1122	1
7434	9798	1122	30
7435	7463	1122	32
7436	6958	1122	88
7436	9738	1122	93
7437	6937	1122	97
7438	7847	1122	56
7438	8312	1122	79
7438	8767	1122	67
7438	10172	1122	79
7439	7584	1122	1
7439	9910	1122	71
7440	6644	1122	70
7441	7312	1122	76
7442	6594	1122	54
7442	7534	1122	83
7443	7726	1122	42
7444	5856	1122	94
7444	8181	1122	82
7445	6078	1122	42
7445	7908	1122	85
7446	6736	1122	8
7447	6250	1122	8
7447	6483	1122	35
7448	8080	1122	73
7449	5967	1122	64
7449	9445	1122	6
7450	8262	1122	96
7451	8717	1122	3
7451	9172	1122	19
7452	5897	1122	33
7452	10072	1122	21
7454	7029	1122	86
7454	7484	1122	12
7455	9081	1122	58
7456	6049	1122	19
7456	10214	1122	1
7459	6210	1122	69
7462	6615	1122	72
7462	6837	1122	83
7462	8455	1122	37
7464	7252	1122	50
7465	8617	1122	44
7466	6504	1122	25
7466	8364	1122	44
7467	6949	1122	25
7467	7181	1122	16
7468	8789	1122	100
7469	6433	1122	2
7471	6858	1122	9
7472	6140	1122	73
7472	9618	1122	25
7473	7980	1122	82
7474	8405	1122	15
7475	6080	1122	54
7475	6777	1122	44
7475	7697	1122	77
7475	9325	1122	50
7476	7212	1122	46
7476	7444	1122	15
7477	6039	1122	55
7477	9962	1122	44
7478	6009	1122	62
7478	6474	1122	77
7478	7627	1122	50
7478	8082	1122	6
7478	9012	1122	6
7478	9709	1122	59
7479	6211	1122	49
7479	6686	1122	23
7479	7596	1122	43
7480	6889	1122	14
7480	9436	1122	30
7481	8719	1122	58
7482	9851	1122	86
7483	6353	1122	8
7483	6575	1122	5
7483	7040	1122	90
7483	9356	1122	11
7483	10296	1122	43
7484	7263	1122	37
7485	6545	1122	96
7485	7000	1122	41
7485	8153	1122	58
7486	6292	1122	56
7487	8567	1122	28
7487	9507	1122	65
7489	6919	1122	92
7489	7142	1122	48
7489	9912	1122	5
7490	6667	1122	18
7490	7112	1122	39
7490	8962	1122	57
7490	9669	1122	9
7493	6818	1122	19
7493	8679	1122	7
7494	9578	1122	69
7494	10033	1122	55
7498	6232	1122	65
7498	7870	1122	84
7499	8315	1122	81
7499	9225	1122	63
7500	10125	1122	41
7501	6394	1122	9
7501	8254	1122	91
7502	6839	1122	25
7502	9397	1122	73
7503	7062	1122	49
7503	7739	1122	56
7503	8214	1122	89
7503	8912	1122	57
7504	6576	1122	78
7504	7961	1122	69
7504	8426	1122	34
7506	6061	1122	18
7506	8831	1122	72
7507	6263	1122	86
7507	7416	1122	95
7507	9983	1122	13
7508	6708	1122	70
7508	6951	1122	44
7508	9033	1122	65
7508	9953	1122	98
7509	8538	1122	53
7510	10145	1122	79
7511	7790	1122	47
7511	9650	1122	21
7512	6607	1122	52
7512	7537	1122	64
7512	8932	1122	10
7514	6344	1122	17
7514	9114	1122	81
7514	9802	1122	46
7515	7466	1122	41
7515	8164	1122	11
7515	9084	1122	80
7517	9519	1122	40
7518	6243	1122	37
7518	8336	1122	32
7519	6001	1122	89
7519	6911	1122	28
7519	7153	1122	70
7519	7851	1122	23
7519	9468	1122	80
7520	8043	1122	18
7522	9863	1122	43
7522	10318	1122	73
7523	7760	1122	23
7524	6810	1122	42
7524	7265	1122	26
7524	9357	1122	24
7525	7942	1122	35
7526	6992	1122	68
7527	7194	1122	46
7528	8094	1122	45
7529	10389	1122	98
7530	8286	1122	40
7530	8529	1122	19
7531	6183	1122	41
7531	6416	1122	51
7531	6638	1122	66
7532	5931	1122	39
7532	8013	1122	76
7533	7073	1122	15
7535	6315	1122	83
7535	9570	1122	62
7535	10258	1122	11
7537	7670	1122	83
7539	6224	1122	28
7539	9004	1122	97
7542	8701	1122	49
7542	10096	1122	13
7543	8226	1122	65
7544	7033	1122	42
7544	7731	1122	88
7545	6780	1122	35
7545	8186	1122	84
7546	6760	1122	19
7546	8145	1122	73
7546	9995	1122	69
7547	6285	1122	51
7547	9753	1122	71
7549	9935	1122	40
7550	8984	1122	90
7550	9682	1122	8
7550	10147	1122	74
7551	5952	1122	100
7551	6872	1122	21
7552	8024	1122	89
7552	8469	1122	18
7552	10339	1122	19
7553	6376	1122	13
7553	10309	1122	59
7554	8894	1122	86
7554	9834	1122	79
7555	6103	1122	51
7555	7488	1122	62
7555	8631	1122	68
7556	6083	1122	78
7556	7236	1122	72
7556	8611	1122	96
7557	6518	1122	55
7557	8833	1122	94
7558	6710	1122	8
7561	6660	1122	56
7561	7357	1122	85
7562	9642	1122	42
7563	6609	1122	24
7563	9157	1122	85
7564	6811	1122	76
7565	7711	1122	75
7565	9116	1122	64
7565	9582	1122	57
7566	8379	1122	11
7566	10249	1122	9
7567	7903	1122	34
7568	7196	1122	85
7568	9491	1122	17
7569	6003	1122	45
7569	7155	1122	63
7569	8096	1122	87
7569	9248	1122	62
7569	9703	1122	24
7569	10168	1122	92
7570	6448	1122	14
7572	6175	1122	41
7572	7782	1122	66
7572	8955	1122	45
7572	9420	1122	38
7572	9875	1122	89
7573	8460	1122	26
7573	8682	1122	49
7574	7520	1122	48
7574	8197	1122	9
7575	9804	1122	65
7576	9087	1122	100
7577	6276	1122	97
7577	9531	1122	18
7578	7641	1122	50
7579	7853	1122	29
7579	8551	1122	7
7580	6913	1122	9
7580	8763	1122	65
7581	8278	1122	52
7582	7318	1122	40
7582	8723	1122	37
7583	9380	1122	4
7584	6135	1122	43
7585	6570	1122	24
7585	8420	1122	77
7587	6762	1122	4
7587	7439	1122	17
7588	6044	1122	76
7588	6964	1122	21
7589	6479	1122	21
7589	7389	1122	87
7590	6904	1122	21
7590	9006	1122	78
7592	6873	1122	29
7592	7561	1122	69
7592	9178	1122	62
7593	8006	1122	67
7594	7045	1122	22
7595	6105	1122	89
7595	8653	1122	36
7595	8885	1122	78
7596	8633	1122	19
7597	7682	1122	18
7597	8612	1122	11
7598	6257	1122	70
7598	9270	1122	94
7598	9502	1122	13
7600	8077	1122	85
7600	9462	1122	12
7600	9704	1122	97
7601	7581	1122	25
7601	10372	1122	22
7602	7106	1122	60
7602	8259	1122	61
7604	8218	1122	19
7604	9846	1122	79
7605	6338	1122	53
7606	9331	1122	35
7607	6288	1122	89
7607	6985	1122	99
7607	7460	1122	99
7607	8835	1122	31
7607	9533	1122	99
7611	7814	1122	54
7611	8522	1122	7
7613	5924	1122	79
7613	6621	1122	20
7613	6854	1122	15
7614	7056	1122	54
7615	6793	1122	32
7615	7724	1122	30
7615	10049	1122	32
7616	6318	1122	6
7617	6763	1122	32
7617	7228	1122	65
7618	6510	1122	11
7618	8118	1122	73
7618	9978	1122	53
7619	8330	1122	91
7620	7845	1122	41
7620	10160	1122	36
7624	6137	1122	38
7625	7269	1122	22
7625	8654	1122	15
7626	7936	1122	82
7626	8169	1122	25
7626	9099	1122	94
7627	6076	1122	71
7628	6268	1122	80
7628	8361	1122	32
7629	6248	1122	47
7629	9038	1122	57
7630	6450	1122	27
7630	6693	1122	1
7630	6915	1122	97
7632	7350	1122	8
7632	10130	1122	65
7633	6400	1122	84
7633	8007	1122	19
7633	9170	1122	43
7633	9413	1122	77
7634	9382	1122	68
7634	10312	1122	32
7635	6339	1122	86
7635	9817	1122	70
7635	10505	1122	3
7636	6087	1122	89
7636	9564	1122	50
7636	9797	1122	8
7637	7007	1122	22
7638	7896	1122	60
7639	6016	1122	68
7639	7654	1122	42
7639	7886	1122	33
7639	8099	1122	59
7640	6704	1122	47
7640	7148	1122	64
7640	9939	1122	38
7642	7118	1122	69
7642	9656	1122	49
7642	10576	1122	48
7644	6370	1122	77
7644	6603	1122	27
7644	10545	1122	15
7646	7482	1122	41
7646	8170	1122	8
7646	10262	1122	77
7648	6522	1122	4
7648	7432	1122	85
7649	8807	1122	75
7650	7614	1122	59
7650	9019	1122	96
7650	10182	1122	86
7651	5976	1122	11
7652	6886	1122	37
7653	6168	1122	57
7653	7786	1122	63
7653	8241	1122	27
7653	8473	1122	30
7654	7523	1122	3
7654	8453	1122	69
7654	9151	1122	13
7654	9393	1122	11
7655	10061	1122	48
7656	9333	1122	28
7657	7240	1122	56
7658	6057	1122	15
7658	9302	1122	6
7659	8120	1122	63
7659	8342	1122	70
7659	9505	1122	3
7659	9727	1122	3
7660	6229	1122	25
7660	6462	1122	78
7660	6937	1122	45
7661	8302	1122	97
7662	6432	1122	91
7663	8716	1122	57
7663	9879	1122	10
7664	8221	1122	37
7665	6351	1122	82
7665	6816	1122	40
7665	8676	1122	34
7665	10294	1122	40
7667	6078	1122	87
7667	6765	1122	99
7667	9081	1122	16
7668	7453	1122	5
7669	7180	1122	70
7669	8585	1122	24
7671	6907	1122	8
7672	8747	1122	18
7672	9677	1122	24
7675	7291	1122	44
7676	7029	1122	85
7676	8879	1122	89
7677	6088	1122	75
7677	6998	1122	77
7677	7928	1122	43
7678	8151	1122	14
7680	7858	1122	47
7680	8100	1122	27
7680	9030	1122	22
7681	5977	1122	7
7682	9202	1122	31
7684	6149	1122	6
7684	6847	1122	5
7685	7059	1122	80
7685	8212	1122	4
7686	6574	1122	35
7686	9567	1122	68
7687	6786	1122	95
7688	6301	1122	21
7689	6726	1122	77
7690	6018	1122	84
7690	9486	1122	86
7691	6463	1122	59
7691	6686	1122	72
7691	9466	1122	34
7692	8273	1122	56
7692	9900	1122	56
7693	7333	1122	77
7693	8495	1122	88
7693	8718	1122	36
7693	8728	1122	43
7693	8950	1122	16
7693	9415	1122	88
7694	7545	1122	20
7695	8910	1122	31
7695	9365	1122	63
7696	7262	1122	32
7696	7505	1122	46
7696	8415	1122	35
7696	9122	1122	99
7696	10032	1122	39
7696	10497	1122	95
7698	7909	1122	75
7698	9992	1122	16
7699	6039	1122	84
7699	8354	1122	36
7699	8587	1122	33
7699	10437	1122	70
7700	7181	1122	17
7700	7626	1122	43
7700	10194	1122	6
7700	10406	1122	22
7701	8769	1122	50
7702	6191	1122	7
7702	8293	1122	55
7704	7768	1122	42
7704	9163	1122	72
7704	9861	1122	81
7705	6595	1122	74
7706	7738	1122	57
7706	9810	1122	3
7707	7697	1122	62
7707	7950	1122	66
7708	6525	1122	7
7708	6757	1122	6
7708	9295	1122	84
7709	6959	1122	46
7709	8830	1122	11
7710	10407	1122	48
7711	6221	1122	64
7712	7121	1122	27
7713	6424	1122	46
7713	6636	1122	44
7714	10326	1122	79
7715	8213	1122	78
7715	8678	1122	49
7716	8426	1122	41
7717	6090	1122	24
7718	6303	1122	29
7719	6737	1122	34
7719	6980	1122	4
7719	7425	1122	70
7720	6485	1122	48
7720	8577	1122	85
7720	9265	1122	59
7720	9952	1122	74
7721	8537	1122	40
7721	9002	1122	71
7721	10154	1122	85
7721	10620	1122	73
7723	6869	1122	63
7723	8042	1122	32
7725	7061	1122	67
7725	7294	1122	31
7725	10084	1122	84
7726	6808	1122	33
7727	10266	1122	71
7730	7183	1122	4
7731	6242	1122	24
7731	7395	1122	66
7732	7365	1122	99
7732	7840	1122	15
7736	8194	1122	32
7737	6779	1122	77
7737	8406	1122	51
7737	8871	1122	74
7739	6748	1122	15
7739	7213	1122	97
7739	7446	1122	33
7740	9508	1122	21
7740	9731	1122	7
7741	6708	1122	75
7741	6930	1122	24
7741	10165	1122	84
7744	8942	1122	21
7745	6607	1122	78
7745	9145	1122	44
7745	9610	1122	68
7747	6567	1122	27
7747	7709	1122	5
7747	10024	1122	100
7747	10499	1122	94
7748	9539	1122	42
7749	6294	1122	97
7749	7669	1122	35
7749	8144	1122	20
7749	9296	1122	95
7750	10429	1122	37
7752	6446	1122	3
7752	8761	1122	36
7752	10621	1122	43
7753	7800	1122	44
7753	7821	1122	2
7753	8053	1122	78
7753	8508	1122	6
7754	8023	1122	11
7754	8720	1122	94
7754	9650	1122	64
7754	9883	1122	57
7755	6142	1122	24
7755	6375	1122	89
7756	7052	1122	39
7758	7002	1122	28
7758	9084	1122	40
7759	6527	1122	2
7759	9064	1122	90
7760	6264	1122	72
7760	8801	1122	6
7762	6668	1122	61
7762	8296	1122	30
7762	9004	1122	35
7762	9226	1122	50
7765	9843	1122	55
7766	7275	1122	25
7766	7973	1122	27
7766	9823	1122	3
7767	10268	1122	6
7769	6972	1122	58
7770	6022	1122	43
7770	7184	1122	93
7770	7649	1122	14
7770	7882	1122	55
7770	10197	1122	25
7771	8084	1122	91
7771	9014	1122	38
7772	6922	1122	21
7772	9924	1122	5
7773	6194	1122	65
7773	7114	1122	50
7774	7336	1122	64
7775	10329	1122	32
7778	6538	1122	46
7779	9763	1122	16
7779	9985	1122	18
7779	10450	1122	95
7780	6487	1122	79
7780	8590	1122	62
7781	8327	1122	20
7781	8802	1122	88
7782	7610	1122	60
7782	10380	1122	29
7784	8267	1122	32
7784	9874	1122	86
7785	8236	1122	48
7785	10562	1122	57
7786	6124	1122	17
7786	7519	1122	95
7787	7721	1122	25
7787	9116	1122	43
7787	9338	1122	97
7788	6073	1122	54
7789	7458	1122	37
7789	9076	1122	17
7789	9531	1122	33
7790	6265	1122	65
7790	7650	1122	85
7791	6943	1122	50
7791	9258	1122	78
7792	6457	1122	49
7792	8065	1122	50
7792	10633	1122	91
7794	6872	1122	69
7794	7802	1122	1
7794	10107	1122	38
7795	6164	1122	8
7795	6619	1122	27
7796	6832	1122	60
7796	8682	1122	32
7796	10542	1122	95
7797	8884	1122	96
7797	9592	1122	33
7798	7236	1122	39
7799	6761	1122	89
7799	8389	1122	8
7799	8834	1122	97
7801	6246	1122	26
7802	5993	1122	67
7802	7378	1122	62
7803	9208	1122	45
7803	10613	1122	62
7804	6650	1122	27
7805	5922	1122	93
7806	8450	1122	4
7807	7975	1122	67
7807	8429	1122	27
7808	8642	1122	51
7808	9794	1122	30
7809	7681	1122	82
7809	10229	1122	39
7810	6741	1122	97
7810	7206	1122	16
7810	9279	1122	41
7810	10431	1122	27
7810	10674	1122	38
7811	6024	1122	18
7812	7853	1122	47
7812	9006	1122	64
7813	7126	1122	85
7813	8531	1122	9
7814	8025	1122	6
7814	9431	1122	74
7816	8693	1122	54
7817	6105	1122	34
7817	7045	1122	91
7817	10290	1122	59
7818	9330	1122	87
7819	6529	1122	70
7819	9542	1122	69
7819	10240	1122	29
7820	6044	1122	39
7820	6964	1122	49
7820	10209	1122	38
7823	7591	1122	83
7824	6408	1122	56
7824	8734	1122	82
7824	8956	1122	83
7824	9653	1122	90
7826	6135	1122	20
7826	6378	1122	45
7826	6611	1122	50
7826	10068	1122	79
7828	7723	1122	53
7828	7935	1122	46
7830	7197	1122	22
7831	9957	1122	57
7832	6459	1122	97
7832	6924	1122	21
7833	6207	1122	40
7834	5954	1122	50
7834	10351	1122	26
7835	6864	1122	9
7835	8471	1122	86
7835	9866	1122	92
7836	7521	1122	49
7836	8916	1122	6
7836	9856	1122	25
7837	7036	1122	77
7837	7966	1122	85
7837	8663	1122	80
7837	10048	1122	36
7838	9806	1122	39
7838	10503	1122	12
7839	6298	1122	25
7839	8855	1122	91
7840	8603	1122	86
7840	9300	1122	61
7840	10675	1122	19
7841	8118	1122	49
7841	9280	1122	72
7843	6905	1122	39
7843	8057	1122	96
7844	8512	1122	38
7847	9371	1122	88
7848	8421	1122	25
7849	6066	1122	23
7851	6733	1122	52
7851	7643	1122	94
7851	8805	1122	52
7851	9503	1122	3
7851	9736	1122	84
7852	6238	1122	63
7852	6703	1122	96
7853	7845	1122	8
7854	7582	1122	91
7854	9200	1122	86
7854	9675	1122	77
7855	7795	1122	52
7855	8027	1122	13
7856	6147	1122	28
7856	7067	1122	73
7856	7764	1122	65
7856	10322	1122	47
7857	7279	1122	42
7857	9604	1122	62
7859	6996	1122	64
7859	8866	1122	66
7860	6289	1122	79
7860	7441	1122	78
7860	8149	1122	77
7861	8573	1122	46
7861	9049	1122	3
7862	7158	1122	88
7862	8098	1122	48
7862	9251	1122	79
7862	10403	1122	37
7863	6683	1122	85
7864	6188	1122	73
7865	6410	1122	48
7865	6643	1122	48
7865	7108	1122	80
7865	8725	1122	50
7866	9625	1122	94
7867	6370	1122	94
7867	6592	1122	93
7868	8877	1122	49
7869	7229	1122	34
7869	7927	1122	50
7869	8169	1122	51
7870	7684	1122	85
7871	8816	1122	8
7872	9494	1122	43
7872	9939	1122	89
7873	8533	1122	17
7873	8766	1122	83
7874	9211	1122	79
7874	9443	1122	95
7875	9878	1122	41
7875	10576	1122	92
7876	7998	1122	10
7877	6582	1122	89
7877	7513	1122	36
7877	9140	1122	26
7878	6795	1122	97
7878	7957	1122	5
7878	9575	1122	22
7878	9818	1122	16
7879	9332	1122	54
7880	6532	1122	72
7881	6027	1122	54
7881	8584	1122	81
7884	7826	1122	32
7884	8524	1122	87
7885	8039	1122	70
7886	8706	1122	95
7887	6361	1122	31
7887	9373	1122	52
7889	6310	1122	20
7889	7928	1122	58
7890	6067	1122	85
7890	7463	1122	71
7890	7907	1122	6
7891	6725	1122	91
7892	6472	1122	66
7892	7402	1122	91
7892	10415	1122	24
7893	6927	1122	41
7894	6209	1122	57
7896	8474	1122	58
7896	10334	1122	91
7897	6604	1122	36
7897	7069	1122	53
7897	8454	1122	95
7899	6098	1122	95
7900	8150	1122	38
7900	10011	1122	81
7902	8787	1122	95
7902	9718	1122	44
7902	9960	1122	77
7903	7625	1122	73
7904	7837	1122	9
7905	6644	1122	2
7906	6159	1122	79
7906	6624	1122	47
7906	10324	1122	81
7907	7767	1122	20
7907	10072	1122	57
7909	9111	1122	31
7909	9566	1122	47
7910	6291	1122	94
7911	8121	1122	72
7911	9758	1122	25
7912	6493	1122	85
7912	8565	1122	59
7913	7393	1122	10
7913	10395	1122	52
7914	7373	1122	6
7914	9910	1122	87
7915	8040	1122	79
7915	8970	1122	17
7915	10345	1122	57
7917	6827	1122	23
7918	6584	1122	26
7918	7979	1122	100
7918	8424	1122	91
7918	9819	1122	69
7919	7484	1122	68
7919	9334	1122	5
7920	6311	1122	44
7920	10477	1122	57
7921	7444	1122	77
7921	9294	1122	50
7923	6928	1122	44
7923	8081	1122	35
7924	9456	1122	40
7924	9688	1122	28
7925	7353	1122	40
7925	7808	1122	95
7925	9890	1122	73
7926	8940	1122	78
7926	9405	1122	57
7926	9648	1122	92
7927	7060	1122	81
7928	8677	1122	64
7929	10032	1122	4
7930	6079	1122	55
7930	6544	1122	17
7930	8849	1122	95
7931	6969	1122	86
7931	7667	1122	83
7932	6716	1122	88
7932	8799	1122	78
7932	9507	1122	98
7934	7131	1122	52
7934	9234	1122	11
7935	6191	1122	71
7935	6423	1122	29
7935	9193	1122	37
7936	7566	1122	53
7937	9153	1122	94
7937	9851	1122	52
7938	6353	1122	86
7938	7283	1122	40
7938	7970	1122	99
7938	10528	1122	98
7940	6777	1122	73
7940	7232	1122	33
7940	9790	1122	36
7944	6221	1122	50
7945	6879	1122	78
7946	8021	1122	46
7947	7526	1122	46
7947	10073	1122	7
7949	6323	1122	46
7951	6990	1122	39
7952	6262	1122	73
7952	6505	1122	63
7952	8577	1122	98
7952	9730	1122	1
7953	6464	1122	57
7953	9012	1122	18
7954	9932	1122	93
7955	9204	1122	65
7958	9134	1122	83
7959	8426	1122	77
7959	8891	1122	50
7959	10509	1122	75
7961	6050	1122	3
7961	7456	1122	61
7961	9538	1122	7
7962	7890	1122	92
7963	9255	1122	9
7963	9710	1122	84
7964	6687	1122	35
7964	8527	1122	26
7965	8052	1122	23
7965	10590	1122	70
7966	6859	1122	92
7966	7800	1122	48
7966	9174	1122	17
7966	9872	1122	87
7967	6384	1122	20
7967	7769	1122	63
7967	8002	1122	98
7967	9387	1122	44
7971	6526	1122	72
7971	6758	1122	46
7971	7689	1122	63
7971	8133	1122	17
7972	7416	1122	94
7973	6253	1122	12
7973	7183	1122	13
7974	6920	1122	49
7975	8295	1122	2
7975	9448	1122	34
7976	7578	1122	64
7978	6354	1122	12
7978	9145	1122	60
7979	6809	1122	66
7982	7659	1122	16
7983	7163	1122	32
7983	7396	1122	95
7983	7871	1122	92
7983	8104	1122	45
7984	6466	1122	87
7984	10398	1122	2
7985	6193	1122	88
7986	6648	1122	29
7986	7103	1122	47
7986	7335	1122	16
7986	10105	1122	68
7988	8690	1122	60
7989	6122	1122	74
7989	6567	1122	48
7990	7245	1122	68
7990	7932	1122	80
7991	9064	1122	66
7992	9287	1122	53
7993	6941	1122	24
7994	9014	1122	6
7995	8529	1122	29
7996	8043	1122	29
7996	8721	1122	20
7996	8953	1122	97
7996	10348	1122	70
7998	6608	1122	80
7998	7285	1122	57
7998	10531	1122	8
7999	9348	1122	35
7999	9580	1122	24
8000	6315	1122	83
8000	6547	1122	96
8001	7700	1122	88
8001	8842	1122	54
8002	6729	1122	28
8002	6962	1122	89
8002	8822	1122	76
8004	8094	1122	76
8004	9924	1122	30
8005	8762	1122	94
8006	6881	1122	79
8006	7569	1122	32
8007	8004	1122	64
8007	8479	1122	34
8007	9176	1122	36
8008	6831	1122	88
8008	8448	1122	28
8009	9116	1122	22
8010	6336	1122	83
8010	7256	1122	69
8010	8175	1122	27
8011	7933	1122	90
8012	6275	1122	45
8012	7893	1122	63
8013	6497	1122	45
8013	9490	1122	76
8015	6437	1122	73
8016	7812	1122	17
8016	9429	1122	68
8016	10349	1122	77
8017	9874	1122	31
8017	10572	1122	40
8019	9834	1122	20
8020	6781	1122	96
8020	9349	1122	55
8021	8146	1122	54
8022	8125	1122	37
8022	8601	1122	94
8022	9763	1122	65
8024	7155	1122	94
8026	6650	1122	35
8026	7347	1122	28
8026	8035	1122	18
8026	9197	1122	77
8027	6407	1122	31
8027	9400	1122	50
8027	10330	1122	51
8028	7074	1122	54
8028	7297	1122	98
8029	7519	1122	24
8029	10299	1122	81
8030	7954	1122	61
8030	9561	1122	92
8031	6316	1122	90
8031	7004	1122	80
8031	10016	1122	17
8032	9056	1122	6
8033	6721	1122	79
8033	7196	1122	53
8033	7661	1122	41
8033	8813	1122	79
8034	6923	1122	8
8034	6943	1122	14
8034	7398	1122	81
8034	9016	1122	34
8035	6438	1122	44
8036	6883	1122	26
8036	10118	1122	34
8036	10350	1122	76
8036	10370	1122	76
8037	7782	1122	83
8038	6145	1122	8
8039	6357	1122	26
8039	8662	1122	52
8039	10067	1122	100
8040	6569	1122	21
8040	6802	1122	28
8040	7722	1122	66
8041	9087	1122	37
8042	7904	1122	31
8043	6499	1122	56
8044	7166	1122	59
8044	9481	1122	79
8044	9956	1122	60
8045	6216	1122	76
8045	7601	1122	64
8045	9451	1122	94
8045	9683	1122	70
8047	7571	1122	78
8047	8015	1122	17
8047	8723	1122	11
8049	6600	1122	66
8049	9128	1122	95
8049	9593	1122	15
8050	10270	1122	75
8051	8167	1122	66
8054	6701	1122	45
8055	7136	1122	69
8056	6883	1122	89
8056	9199	1122	50
8058	6621	1122	70
8058	6843	1122	17
8061	7480	1122	90
8061	8400	1122	65
8062	6297	1122	43
8063	7652	1122	39
8065	9462	1122	56
8066	6439	1122	76
8066	7116	1122	25
8067	6651	1122	95
8067	8481	1122	84
8068	9391	1122	12
8068	10089	1122	1
8068	10331	1122	96
8069	8684	1122	62
8070	8421	1122	59
8071	7248	1122	22
8071	8633	1122	67
8071	9321	1122	83
8071	9563	1122	38
8071	9796	1122	50
8072	9988	1122	50
8073	6733	1122	16
8073	9523	1122	40
8074	6490	1122	7
8076	8057	1122	6
8077	6187	1122	58
8077	7329	1122	13
8077	8037	1122	45
8077	9887	1122	58
8079	8451	1122	62
8080	6339	1122	75
8080	6814	1122	81
8081	8876	1122	71
8081	9099	1122	57
8082	8138	1122	99
8084	8573	1122	16
8084	9260	1122	91
8085	6450	1122	99
8085	9008	1122	14
8085	9705	1122	51
8085	9928	1122	61
8087	10110	1122	88
8088	7775	1122	97
8089	7057	1122	73
8089	9139	1122	73
8089	9847	1122	40
8090	8654	1122	47
8091	6319	1122	60
8091	6551	1122	9
8091	6774	1122	25
8091	7714	1122	3
8091	10019	1122	70
8092	6521	1122	43
8092	6541	1122	49
8092	7451	1122	70
8092	9069	1122	58
8095	6936	1122	68
8096	8513	1122	26
8096	9453	1122	3
8098	8007	1122	30
8098	8948	1122	25
8098	9170	1122	87
8100	7967	1122	70
8103	6269	1122	24
8103	8129	1122	6
8103	8351	1122	76
8103	8372	1122	18
8104	6481	1122	96
8104	7421	1122	46
8104	9029	1122	58
8105	6239	1122	19
8107	9201	1122	62
8108	8483	1122	38
8108	9636	1122	36
8109	6380	1122	30
8109	6603	1122	53
8112	9777	1122	11
8113	7209	1122	36
8113	9070	1122	22
8114	9727	1122	87
8115	7392	1122	49
8117	6876	1122	48
8117	8049	1122	16
8118	7796	1122	72
8118	8716	1122	10
8119	7068	1122	98
8119	8928	1122	5
8119	10081	1122	15
8120	6815	1122	96
8121	7260	1122	61
8121	7958	1122	30
8121	8403	1122	62
8122	7928	1122	61
8123	6987	1122	49
8124	8575	1122	27
8125	9940	1122	89
8126	7139	1122	97
8126	8069	1122	59
8126	8534	1122	82
8127	7352	1122	61
8128	9404	1122	95
8129	7756	1122	82
8129	9161	1122	68
8129	9849	1122	63
8131	6331	1122	87
8132	8151	1122	4
8133	7685	1122	55
8133	8130	1122	14
8134	6735	1122	30
8134	8343	1122	40
8135	6240	1122	56
8135	6927	1122	84
8135	8090	1122	46
8136	6210	1122	77
8136	8292	1122	17
8136	9697	1122	44
8137	6432	1122	15
8137	8050	1122	45
8138	7099	1122	1
8138	7554	1122	79
8139	8009	1122	8
8141	7039	1122	56
8141	9111	1122	9
8142	6543	1122	30
8142	8859	1122	49
8142	10011	1122	67
8145	8101	1122	96
8145	9243	1122	8
8145	9496	1122	76
8147	9668	1122	2
8148	6877	1122	42
8148	7322	1122	80
8149	6160	1122	10
8150	8667	1122	32
8151	8889	1122	10
8152	6311	1122	31
8153	7221	1122	78
8153	9304	1122	42
8154	6493	1122	12
8154	7879	1122	14
8154	9516	1122	29
8155	7626	1122	13
8155	9264	1122	32
8156	9011	1122	39
8157	6655	1122	57
8157	9901	1122	35
8158	9415	1122	2
8159	6393	1122	29
8159	6837	1122	90
8159	7778	1122	35
8160	7292	1122	73
8161	8425	1122	85
8162	6787	1122	40
8164	9982	1122	49
8165	6716	1122	27
8166	7151	1122	23
8166	8304	1122	79
8167	8061	1122	57
8168	8728	1122	26
8169	6626	1122	30
8169	8466	1122	69
8169	8931	1122	51
8170	7990	1122	42
8171	6575	1122	17
8171	7040	1122	4
8172	7697	1122	58
8172	8395	1122	31
8172	9335	1122	72
8173	7232	1122	77
8174	6282	1122	14
8174	6504	1122	95
8174	6747	1122	44
8174	6969	1122	44
8174	8587	1122	21
8174	9507	1122	27
8176	6454	1122	50
8176	6929	1122	34
8176	8072	1122	7
8178	8264	1122	9
8179	9629	1122	34
8180	7516	1122	37
8181	9366	1122	80
8181	10043	1122	85
8182	8648	1122	73
8183	7910	1122	29
8183	8143	1122	27
8184	7213	1122	27
8185	8800	1122	66
8186	8547	1122	65
8187	7354	1122	81
8187	8517	1122	21
8188	9437	1122	81
8189	7557	1122	32
8190	6374	1122	89
8190	8679	1122	29
8191	6586	1122	66
8192	8173	1122	94
8192	9103	1122	85
8192	9791	1122	48
8193	6526	1122	47
8193	8851	1122	82
8195	9255	1122	68
8196	9943	1122	98
8198	7112	1122	60
8198	8972	1122	49
8199	6637	1122	51
8199	8012	1122	81
8200	6829	1122	12
8200	7304	1122	61
8201	8437	1122	6
8201	8892	1122	11
8202	6334	1122	14
8202	7021	1122	26
8202	9559	1122	92
8203	6304	1122	40
8203	7466	1122	63
8204	7668	1122	29
8204	8366	1122	27
8206	9013	1122	59
8207	6900	1122	80
8207	7598	1122	68
8209	6405	1122	39
8209	8487	1122	92
8209	9650	1122	46
8210	9145	1122	28
8210	9387	1122	99
8211	7739	1122	40
8211	9124	1122	2
8212	7497	1122	34
8212	8174	1122	68
8212	9579	1122	90
8212	10034	1122	66
8213	9074	1122	53
8214	6516	1122	23
8215	7184	1122	11
8216	6941	1122	45
8216	7851	1122	8
8216	9711	1122	64
8217	6688	1122	91
8217	7376	1122	12
8218	8053	1122	86
8219	6870	1122	27
8219	7335	1122	96
8219	9185	1122	66
8220	6618	1122	86
8220	8235	1122	18
8221	8205	1122	89
8221	9822	1122	45
8223	8397	1122	27
8223	8852	1122	65
8224	6749	1122	40
8224	6972	1122	11
8225	6497	1122	78
8225	8357	1122	98
8227	8306	1122	46
8228	8974	1122	11
8229	8266	1122	75
8229	8711	1122	77
8230	7771	1122	6
8231	6578	1122	97
8231	6820	1122	61
8238	6891	1122	4
8238	7589	1122	94
8238	7811	1122	29
8238	9894	1122	43
8241	8438	1122	9
8242	6558	1122	7
8242	7023	1122	48
8243	6780	1122	12
8243	8641	1122	26
8243	9561	1122	50
8243	9793	1122	45
8243	10016	1122	84
8244	7225	1122	67
8244	7458	1122	3
8244	9075	1122	46
8245	6720	1122	66
8245	6740	1122	96
8245	7185	1122	46
8245	9268	1122	43
8246	6467	1122	48
8246	9035	1122	24
8247	8075	1122	12
8248	7367	1122	73
8249	6407	1122	76
8249	7559	1122	53
8250	6609	1122	11
8250	9632	1122	62
8251	7984	1122	56
8253	6326	1122	61
8253	9328	1122	80
8254	6518	1122	90
8256	6943	1122	90
8256	9015	1122	52
8256	9490	1122	65
8257	7610	1122	96
8257	7853	1122	19
8257	8318	1122	17
8257	9703	1122	72
8259	8025	1122	36
8260	7307	1122	54
8260	8015	1122	55
8260	9400	1122	39
8261	6832	1122	36
8261	8217	1122	44
8262	9814	1122	81
8264	6539	1122	10
8264	7691	1122	76
8264	8834	1122	32
8265	6731	1122	28
8265	7428	1122	66
8265	8591	1122	37
8266	7166	1122	81
8266	8338	1122	31
8267	6448	1122	5
8267	8551	1122	33
8269	8500	1122	98
8269	8955	1122	27
8270	8702	1122	90
8271	9137	1122	31
8272	6812	1122	53
8272	7045	1122	68
8272	7277	1122	70
8273	8642	1122	85
8273	9107	1122	55
8274	8854	1122	85
8275	6974	1122	82
8275	8126	1122	47
8275	9976	1122	80
8276	6479	1122	54
8278	9451	1122	57
8279	8036	1122	25
8279	8278	1122	39
8279	9188	1122	17
8281	6378	1122	88
8281	7075	1122	6
8282	9360	1122	69
8283	7712	1122	73
8284	8147	1122	70
8284	9077	1122	47
8285	9512	1122	54
8287	6924	1122	28
8287	8541	1122	53
8287	8784	1122	11
8288	8299	1122	36
8289	6418	1122	88
8289	7116	1122	35
8290	9401	1122	31
8292	6590	1122	57
8293	6560	1122	61
8293	7955	1122	65
8293	8410	1122	49
8295	7662	1122	38
8295	9300	1122	86
8296	7420	1122	2
8296	8582	1122	97
8297	7157	1122	9
8297	9239	1122	17
8298	9694	1122	80
8298	9927	1122	96
8299	8047	1122	89
8299	8512	1122	93
8303	7016	1122	94
8303	8886	1122	6
8304	6298	1122	62
8304	9553	1122	90
8305	6975	1122	28
8305	7895	1122	93
8305	8128	1122	22
8308	6672	1122	61
8308	7602	1122	33
8308	8755	1122	18
8309	9675	1122	85
8310	9644	1122	75
8311	7774	1122	52
8311	8927	1122	37
8313	6804	1122	54
8313	7259	1122	76
8313	9331	1122	69
8314	8634	1122	5
8315	8371	1122	7
8317	9018	1122	68
8318	6915	1122	51
8318	8310	1122	11
8318	9463	1122	16
8319	7117	1122	31
8319	9887	1122	100
8320	6865	1122	64
8320	8250	1122	88
8321	9160	1122	81
8322	9129	1122	49
8323	7027	1122	62
8323	7947	1122	26
8323	8654	1122	24
8324	6531	1122	11
8324	6764	1122	65
8324	7694	1122	79
8325	9069	1122	56
8326	8816	1122	31
8328	6451	1122	61
8329	8523	1122	54
8329	8735	1122	14
8331	6390	1122	55
8331	8705	1122	91
8332	7280	1122	80
8333	7502	1122	36
8333	8190	1122	26
8333	9352	1122	51
8334	6784	1122	38
8334	8867	1122	62
8336	9271	1122	98
8337	6481	1122	6
8340	8958	1122	34
8342	6815	1122	74
8342	8685	1122	27
8342	9605	1122	87
8343	6340	1122	6
8344	9100	1122	92
8345	6300	1122	71
8345	6997	1122	35
8345	8847	1122	54
8346	8807	1122	97
8347	7179	1122	13
8347	8322	1122	74
8348	7614	1122	1
8348	9929	1122	51
8349	7816	1122	23
8350	8029	1122	7
8350	9424	1122	57
8351	7553	1122	44
8352	9838	1122	89
8353	7958	1122	44
8355	7918	1122	71
8355	8140	1122	6
8356	6745	1122	39
8357	7402	1122	70
8357	8110	1122	10
8357	9040	1122	66
8358	8777	1122	52
8359	7139	1122	50
8359	9919	1122	66
8361	8241	1122	4
8362	7766	1122	53
8363	8888	1122	78
8364	7251	1122	59
8365	8373	1122	24
8366	7655	1122	88
8367	6472	1122	40
8369	9222	1122	21
8371	6382	1122	32
8371	7312	1122	23
8371	8484	1122	75
8372	6372	1122	15
8372	7069	1122	68
8372	8444	1122	60
8374	6331	1122	12
8374	8646	1122	98
8378	7393	1122	70
8379	7595	1122	58
8379	8070	1122	33
8379	8758	1122	14
8380	6877	1122	98
8380	7110	1122	11
8380	9900	1122	39
8381	9162	1122	52
8382	9375	1122	82
8385	6756	1122	38
8386	9284	1122	50
8387	7868	1122	95
8388	9243	1122	91
8388	9486	1122	1
8389	6898	1122	43
8390	8040	1122	22
8392	6848	1122	72
8393	6362	1122	13
8393	6575	1122	36
8393	7050	1122	52
8393	8657	1122	32
8393	8890	1122	58
8395	6544	1122	34
8395	7009	1122	49
8395	7222	1122	56
8395	7454	1122	31
8395	9314	1122	47
8396	7202	1122	81
8396	8597	1122	43
8397	8122	1122	98
8398	7171	1122	24
8399	6454	1122	5
8399	6666	1122	100
8399	7131	1122	83
8400	8283	1122	40
8400	8516	1122	74
8400	9669	1122	36
8401	6636	1122	67
8401	7798	1122	25
8401	8718	1122	91
8401	9648	1122	88
8403	7273	1122	80
8403	9830	1122	91
8405	9315	1122	55
8406	6525	1122	74
8407	6727	1122	15
8408	6697	1122	14
8408	6929	1122	48
8409	8992	1122	56
8409	9224	1122	48
8410	7344	1122	92
8412	8223	1122	40
8413	9598	1122	50
8414	8881	1122	8
8415	8385	1122	68
8416	7445	1122	29
8420	7577	1122	43
8420	8052	1122	45
8421	6414	1122	30
8421	7102	1122	82
8421	8264	1122	84
8422	7769	1122	90
8422	8931	1122	40
8423	6829	1122	26
8423	7061	1122	5
8424	7718	1122	36
8424	8659	1122	89
8424	9124	1122	18
8426	7921	1122	23
8426	9073	1122	75
8427	7183	1122	51
8427	8588	1122	75
8427	8810	1122	59
8427	9275	1122	85
8429	8072	1122	3
8429	8760	1122	41
8431	7800	1122	66
8431	9427	1122	95
8432	6607	1122	54
8432	9164	1122	23
8434	7496	1122	65
8435	6769	1122	27
8436	8376	1122	10
8436	9306	1122	48
8437	6971	1122	89
8437	7668	1122	63
8437	8133	1122	89
8437	8346	1122	4
8438	7871	1122	74
8440	8053	1122	3
8441	6648	1122	51
8441	6880	1122	27
8442	7547	1122	64
8442	8002	1122	85
8443	8680	1122	50
8444	6567	1122	73
8444	9357	1122	67
8445	7002	1122	12
8445	7244	1122	73
8445	8629	1122	37
8446	7457	1122	62
8446	7689	1122	3
8446	8842	1122	72
8448	6486	1122	22
8448	9024	1122	25
8449	6921	1122	77
8450	8508	1122	30
8452	6850	1122	78
8452	8710	1122	91
8454	8882	1122	46
8455	6547	1122	17
8455	7932	1122	17
8457	9509	1122	48
8458	7639	1122	56
8458	8114	1122	76
8460	7821	1122	50
8461	7346	1122	69
8461	8276	1122	26
8462	8478	1122	12
8462	9408	1122	32
8462	9631	1122	89
8463	7983	1122	68
8463	8216	1122	42
8463	8448	1122	48
8464	7043	1122	19
8464	9115	1122	91
8465	8418	1122	64
8465	9560	1122	97
8467	8600	1122	65
8467	9045	1122	49
8468	7174	1122	14
8468	7872	1122	36
8469	6457	1122	54
8469	8539	1122	95
8471	6649	1122	46
8472	7084	1122	17
8472	8944	1122	35
8472	9176	1122	8
8474	6811	1122	41
8474	7741	1122	73
8475	7711	1122	85
8476	7468	1122	52
8476	9308	1122	75
8477	6973	1122	61
8478	6497	1122	26
8478	6710	1122	59
8480	7377	1122	84
8481	6872	1122	14
8481	8034	1122	10
8484	7266	1122	5
8484	9126	1122	14
8485	7034	1122	37
8486	6761	1122	77
8487	6518	1122	98
8487	8591	1122	30
8488	9278	1122	24
8489	6700	1122	16
8490	6670	1122	23
8490	6913	1122	11
8490	8308	1122	75
8490	9460	1122	59
8491	6417	1122	43
8491	7337	1122	29
8491	7812	1122	26
8491	9197	1122	50
8492	6640	1122	2
8492	8490	1122	87
8494	6589	1122	60
8494	8197	1122	96
8495	6802	1122	91
8496	7924	1122	72
8496	8621	1122	19
8496	8854	1122	26
8498	7661	1122	47
8499	7408	1122	16
8499	7863	1122	67
8500	9006	1122	33
8501	8045	1122	58
8501	9430	1122	24
8502	6863	1122	48
8506	7004	1122	62
8506	7227	1122	26
8507	8379	1122	13
8507	9057	1122	75
8507	9077	1122	11
8510	8541	1122	50
8513	9158	1122	41
8514	9370	1122	56
8515	6560	1122	93
8515	6570	1122	99
8515	7025	1122	13
8515	7500	1122	1
8515	7955	1122	33
8515	8177	1122	13
8516	6782	1122	95
8517	6530	1122	9
8518	8592	1122	73
8519	7167	1122	60
8519	7409	1122	24
8521	7126	1122	92
8521	7814	1122	95
8522	7339	1122	89
8524	8441	1122	14
8524	8916	1122	77
8526	9320	1122	28
8527	7915	1122	46
8528	6965	1122	93
8530	6924	1122	59
8531	6672	1122	42
8532	8259	1122	63
8532	8957	1122	59
8533	8016	1122	44
8533	8481	1122	63
8539	6470	1122	69
8539	7643	1122	52
8540	8320	1122	90
8540	9230	1122	21
8541	7835	1122	79
8543	6622	1122	71
8543	7309	1122	8
8544	7987	1122	92
8545	8189	1122	73
8546	7006	1122	54
8546	8411	1122	74
8547	6763	1122	24
8547	8381	1122	64
8548	6733	1122	3
8548	7886	1122	8
8549	6956	1122	5
8549	8573	1122	74
8550	7380	1122	88
8550	8078	1122	68
8551	6430	1122	52
8551	6905	1122	36
8552	7795	1122	17
8553	6865	1122	100
8553	7552	1122	25
8553	9160	1122	64
8554	8230	1122	5
8555	6572	1122	46
8555	9362	1122	40
8556	7471	1122	31
8558	6511	1122	73
8558	7664	1122	38
8559	9271	1122	57
8560	6693	1122	57
8560	9241	1122	11
8561	7138	1122	2
8564	6592	1122	60
8565	8200	1122	52
8565	8442	1122	7
8566	6784	1122	60
8567	7239	1122	8
8569	7866	1122	58
8569	8341	1122	13
8571	6663	1122	5
8571	7604	1122	4
8572	9201	1122	86
8575	6815	1122	25
8576	7947	1122	75
8578	8140	1122	48
8579	6724	1122	41
8581	7836	1122	8
8581	8059	1122	53
8581	8302	1122	72
8581	8534	1122	64
8582	7806	1122	79
8583	7786	1122	59
8584	7533	1122	56
8584	7988	1122	80
8585	7291	1122	16
8586	7018	1122	99
8586	7725	1122	36
8587	7463	1122	98
8587	9090	1122	99
8589	6482	1122	94
8591	6917	1122	49
8594	6604	1122	17
8596	7261	1122	69
8596	7493	1122	47
8597	6533	1122	57
8597	6766	1122	20
8600	6938	1122	19
8600	7868	1122	84
8602	6887	1122	12
8602	7120	1122	77
8604	8242	1122	49
8605	9142	1122	50
8607	8404	1122	51
8608	6523	1122	12
8610	8333	1122	1
8612	6655	1122	80
8614	6837	1122	97
8615	7980	1122	58
8615	8212	1122	75
8617	8172	1122	43
8618	6514	1122	7
8618	6979	1122	30
8622	7353	1122	86
8622	8283	1122	92
8624	8475	1122	22
8625	6605	1122	14
8627	7929	1122	10
8627	8395	1122	46
8628	6757	1122	32
8628	7232	1122	30
8628	8142	1122	25
8629	7202	1122	67
8630	6939	1122	4
8632	6888	1122	8
8632	8061	1122	12
8633	6646	1122	13
8634	7556	1122	19
8635	7050	1122	100
8635	7980	1122	85
8636	6585	1122	84
8637	6788	1122	85
8637	7475	1122	16
8639	6494	1122	59
8639	6737	1122	52
8640	8112	1122	66
8641	6687	1122	15
8643	7111	1122	95
8643	7334	1122	60
8646	7738	1122	74
8649	8355	1122	83
8651	7395	1122	79
8651	8537	1122	37
8652	6899	1122	3
8655	8214	1122	49
8659	8143	1122	47
8661	7860	1122	63
8661	8315	1122	34
8662	8073	1122	89
8663	6657	1122	28
8666	7517	1122	76
8667	6556	1122	47
8668	8386	1122	10
8669	6506	1122	7
8669	7203	1122	9
8670	7891	1122	9
8671	7628	1122	89
8673	8043	1122	49
8673	8265	1122	45
8674	6860	1122	66
8676	7750	1122	7
8676	7982	1122	37
8678	7932	1122	48
8683	8508	1122	87
8684	8488	1122	64
8685	7073	1122	62
8686	6587	1122	99
8686	6830	1122	8
8687	7032	1122	33
8688	6780	1122	20
8688	7477	1122	5
8688	7922	1122	81
8690	7427	1122	95
8691	6931	1122	4
8694	7326	1122	74
8695	7548	1122	2
8696	8448	1122	93
8698	7013	1122	41
8700	6740	1122	93
8700	6972	1122	12
8702	7599	1122	69
8703	6902	1122	43
8705	7781	1122	56
8705	8226	1122	38
8707	8186	1122	63
8709	7215	1122	43
8710	7428	1122	66
8711	6720	1122	65
8711	8338	1122	58
8712	7387	1122	18
8713	7812	1122	69
8718	8409	1122	23
8722	6700	1122	81
8722	7155	1122	34
8722	7843	1122	78
8723	8287	1122	69
8725	7539	1122	99
8726	7984	1122	71
8727	6802	1122	97
8728	6559	1122	12
8728	7014	1122	7
8728	7257	1122	58
8732	6933	1122	9
8733	7600	1122	64
8734	6873	1122	100
8736	8450	1122	21
8737	6812	1122	39
8738	7489	1122	82
8740	7196	1122	9
8743	6903	1122	80
8743	7368	1122	4
8744	7803	1122	89
8745	7096	1122	73
8745	8248	1122	21
8746	7065	1122	74
8746	7308	1122	17
8748	6550	1122	33
8748	6792	1122	31
8750	6742	1122	64
8750	6964	1122	48
8750	7439	1122	44
8750	8359	1122	38
8752	7389	1122	25
8752	8309	1122	79
8755	7551	1122	76
8758	8410	1122	23
8759	8168	1122	56
8759	8390	1122	40
8762	8097	1122	24
8763	7359	1122	94
8764	8037	1122	77
8766	6844	1122	32
8766	7986	1122	12
8769	6773	1122	47
8770	6743	1122	89
8771	6723	1122	67
8771	6945	1122	91
8771	7643	1122	70
8773	6682	1122	87
8776	7299	1122	84
8779	7936	1122	77
8781	6966	1122	62
8781	7431	1122	97
8781	8341	1122	18
8782	6925	1122	87
8782	7178	1122	61
8783	8068	1122	21
8787	8432	1122	34
8791	6734	1122	91
8792	7401	1122	39
8792	7866	1122	49
8795	8038	1122	37
8797	7280	1122	4
8797	7745	1122	41
8797	7977	1122	91
8799	8402	1122	29
8800	7452	1122	52
8803	7614	1122	75
8805	7563	1122	89
8806	7321	1122	57
8807	7523	1122	63
8811	7654	1122	2
8812	7412	1122	23
8813	6694	1122	91
8814	7826	1122	86
8818	7048	1122	11
8819	7018	1122	65
8820	7230	1122	79
8820	7918	1122	69
8821	6967	1122	42
8822	6715	1122	52
8824	6907	1122	57
8824	7352	1122	19
8826	8009	1122	23
8829	6796	1122	74
8829	7706	1122	16
8836	7777	1122	6
8839	7251	1122	66
8840	6756	1122	100
8843	6685	1122	84
8849	7949	1122	61
8851	7899	1122	26
8852	6726	1122	61
8853	6938	1122	8
8858	7980	1122	65
8862	7879	1122	23
8864	7606	1122	17
8865	7819	1122	48
8866	6858	1122	54
8866	7091	1122	9
8867	7313	1122	25
8868	6818	1122	17
8868	7748	1122	24
8869	7253	1122	54
8870	7697	1122	62
8874	6677	1122	41
8874	7364	1122	74
8874	8062	1122	94
8875	6899	1122	32
8876	7789	1122	79
8877	7546	1122	82
8879	7031	1122	66
8879	7728	1122	67
8883	6940	1122	94
8885	7132	1122	45
8885	7809	1122	27
8886	7334	1122	57
8891	6748	1122	79
8895	6667	1122	100
8898	6829	1122	12
8898	7294	1122	17
8900	6779	1122	41
8900	7001	1122	32
8902	7426	1122	23
8903	6708	1122	16
8903	7648	1122	51
8903	7861	1122	1
8907	6860	1122	95
8910	7487	1122	20
8911	7214	1122	76
8913	6941	1122	86
8917	6628	1122	79
8919	6577	1122	10
8922	6729	1122	9
8922	6982	1122	99
8925	6901	1122	35
8925	7376	1122	57
8926	6871	1122	13
8926	7811	1122	88
8928	7073	1122	20
8930	7720	1122	5
8931	6760	1122	59
8934	7862	1122	10
8936	6649	1122	70
8939	7033	1122	35
8939	7286	1122	36
8940	6801	1122	90
8943	6710	1122	79
8948	6609	1122	3
8951	7003	1122	92
8952	6741	1122	71
8953	7428	1122	34
8954	6690	1122	74
8957	7337	1122	53
8961	6539	1122	17
8962	6509	1122	59
8969	6590	1122	26
8969	6822	1122	20
8970	6802	1122	43
8970	7267	1122	64
8971	7227	1122	18
8972	7207	1122	81
8973	6954	1122	87
8974	7409	1122	84
8977	6873	1122	69
8983	6742	1122	62
8985	6691	1122	47
8986	6651	1122	33
8988	6621	1122	46
8994	6490	1122	56
8994	6935	1122	58
8996	6904	1122	89
9002	6996	1122	29
9005	6682	1122	43
9007	7097	1122	34
9009	6602	1122	88
9011	6784	1122	15
9012	6531	1122	48
9019	7057	1122	58
9020	6814	1122	73
9022	6541	1122	84
9024	6481	1122	30
9025	6936	1122	38
9030	6572	1122	39
9033	6734	1122	29
9037	6653	1122	92
9038	7088	1122	78
9043	6512	1122	34
9043	6987	1122	10
9045	6462	1122	93
9046	6684	1122	56
9054	6715	1122	45
9056	6917	1122	33
9060	6594	1122	3
9060	7059	1122	96
9064	7190	1122	25
9070	6817	1122	31
9072	6766	1122	27
9076	6928	1122	47
9078	6867	1122	44
9082	6544	1122	5
9083	6989	1122	77
9087	6676	1122	39
9090	6595	1122	47
9094	6737	1122	45
9098	6646	1122	24
9101	6798	1122	42
9102	6778	1122	78
9108	6889	1122	33
9110	6606	1122	92
9120	7061	1122	72
9126	7163	1122	51
9127	6677	1122	63
9128	7122	1122	62
9129	7082	1122	21
9131	7042	1122	48
9134	6738	1122	15
9140	6830	1122	27
9143	6779	1122	28
9158	6901	1122	21
9166	6932	1122	86
9176	6953	1122	86
