2392	500		
1639	2156	305	76
1875	2925	305	70
2150	2925	305	44
2425	2925	305	66
2525	2675	305	47
2525	2575	305	4
2525	2375	305	80
2525	2275	305	63
2525	2175	305	24
2786	2148	305	2
2786	2249	305	66
2786	2352	305	14
2785	2451	305	5
2785	2552	305	91
2787	2651	305	11
2925	2925	305	56
3198	2925	305	33
3475	2925	305	39
3725	2925	305	98
3675	2675	305	34
3675	2575	305	15
3675	2375	305	71
3675	2275	305	16
3675	2175	305	51
4189	2156	305	82
4190	2256	305	54
4190	2355	305	65
4189	2456	305	3
4189	2556	305	91
4190	2656	305	31
4275	2975	305	9
4425	2925	305	77
4700	2925	305	78
4975	2925	305	50
5075	2675	305	76
5075	2575	305	42
5075	2375	305	88
5075	2275	305	43
5075	2175	305	57
5336	2148	305	62
5336	2249	305	60
5336	2352	305	55
5335	2451	305	35
5335	2552	305	27
5337	2651	305	36
5475	2925	305	78
5748	2925	305	19
6025	2925	305	75
6275	2925	305	14
6225	2675	305	65
6225	2575	305	94
6225	2375	305	52
6225	2275	305	11
6225	2175	305	52
6739	2156	305	35
6740	2256	305	27
6740	2355	305	16
6739	2456	305	57
6739	2556	305	43
6740	2656	305	72
6825	2975	305	72
6975	2925	305	22
7250	2925	305	43
7525	2925	305	46
7625	2675	305	11
7625	2575	305	37
7625	2375	305	5
7625	2275	305	56
7625	2175	305	90
7886	2148	305	86
7886	2249	305	73
7886	2352	305	27
7885	2451	305	44
7885	2552	305	54
7887	2651	305	87
8025	2925	305	27
8298	2925	305	56
8575	2925	305	22
8825	2925	305	93
8775	2675	305	39
8775	2575	305	8
8775	2375	305	23
8775	2275	305	19
8775	2175	305	14
9289	2156	305	75
9290	2256	305	20
9290	2355	305	26
9289	2456	305	63
9289	2556	305	40
9290	2656	305	42
9375	2975	305	90
9525	2925	305	43
9800	2925	305	25
10075	2925	305	37
10175	2675	305	98
10175	2575	305	18
10175	2375	305	31
10175	2275	305	51
10175	2175	305	13
10436	2148	305	3
10436	2249	305	40
10436	2352	305	37
10435	2451	305	14
10435	2552	305	25
10437	2651	305	33
10575	2925	305	66
10848	2925	305	2
11125	2925	305	53
11325	2175	305	39
11325	2275	305	47
11325	2375	305	99
11325	2575	305	10
11325	2675	305	83
11375	2925	305	26
11375	3125	305	40
11400	3225	305	26
11400	3325	305	73
11400	3475	305	42
11400	3625	305	27
11300	3825	305	30
11125	3825	305	81
11125	3925	305	61
11025	3975	305	13
10925	3975	305	17
10925	3875	305	33
10550	3925	305	67
10550	3725	305	33
10550	3325	305	3
10100	3325	305	13
10100	3725	305	29
10100	3925	305	98
9725	3875	305	58
9725	3975	305	42
9625	3975	305	74
9550	3875	305	83
9425	3875	305	42
9275	3900	305	21
9250	3700	305	26
9250	3575	305	10
9250	3475	305	3
9250	3375	305	90
9250	3275	305	49
8825	3125	305	33
8850	3225	305	30
8850	3325	305	26
8850	3475	305	98
8850	3625	305	37
8750	3825	305	55
8575	3825	305	47
8575	3925	305	17
8475	3975	305	5
8375	3875	305	42
8375	3975	305	83
8400	4125	305	58
8300	4175	305	71
8400	4275	305	3
8500	4175	305	5
8675	4325	305	96
8775	4425	305	33
8825	4325	305	78
9275	4275	305	52
9375	4275	305	47
9325	4375	305	36
9400	4450	305	36
9400	4550	305	11
9325	4500	305	45
9215	4560	305	78
9215	4710	305	52
9375	4775	305	15
9215	4860	305	73
9215	5010	305	82
9215	5160	305	24
9215	5310	305	20
9215	5460	305	21
9215	5610	305	51
9475	5675	305	93
9475	5525	305	64
9475	5425	305	94
9475	5275	305	6
9475	5025	305	85
9575	5075	305	51
9725	5075	305	75
9675	4975	305	47
9575	4925	305	43
9525	4775	305	88
9600	4675	305	80
9625	4775	305	24
9775	4775	305	54
9975	4600	305	64
9875	4600	305	17
9800	4525	305	17
9700	4525	305	97
9700	4425	305	11
9800	4425	305	5
9800	4325	305	78
9700	4275	305	79
9600	4175	305	71
9700	4125	305	96
9800	4175	305	70
9875	4275	305	41
9975	4275	305	32
10075	4175	305	72
10275	4175	305	50
10375	4175	305	61
10575	4175	305	74
10675	4275	305	76
10775	4275	305	63
10850	4325	305	15
10850	4425	305	44
10850	4525	305	92
10775	4575	305	88
10675	4575	305	48
10875	4775	305	2
11025	4775	305	78
11175	4725	305	17
11050	4675	305	98
10950	4500	305	37
10950	4400	305	98
10950	4275	305	78
10850	4175	305	26
10950	4125	305	95
11050	4175	305	5
11225	4325	305	60
11375	4325	305	31
11325	4425	305	38
11325	4575	305	42
11325	4675	305	53
11325	4775	305	89
11325	4925	305	23
11450	4925	305	73
11450	5075	305	98
11422	5204	305	72
11425	5325	305	39
11325	5275	305	73
11325	5375	305	14
11175	5375	305	31
11175	5275	305	92
11125	5175	305	90
11100	5025	305	30
10975	4975	305	80
10925	5075	305	32
10950	5175	305	99
10900	5275	305	41
10900	5375	305	29
10800	5175	305	9
10525	5175	305	40
10325	5175	305	54
10325	5025	305	32
10425	5075	305	32
10475	4975	305	79
10325	4875	305	55
10175	4975	305	58
10225	5075	305	7
10125	5175	305	3
9975	5175	305	32
10050	5250	305	75
10050	5350	305	38
10025	5450	305	53
10175	5450	305	70
10325	5450	305	7
10475	5450	305	14
10575	5450	305	50
10675	5450	305	37
10525	6025	305	50
10525	6125	305	6
10675	6125	305	93
10825	6025	305	45
11025	6050	305	43
11224	5908	305	60
11400	5975	305	87
11400	6375	305	95
11400	6575	305	68
11175	6575	305	31
11025	6450	305	60
10975	6675	305	26
11075	6775	305	92
10975	6875	305	74
11175	6975	305	74
11375	6975	305	49
11325	7075	305	100
11400	7150	305	24
11125	7150	305	48
10975	7150	305	50
10875	7325	305	59
10925	7425	305	38
11075	7425	305	70
11175	7475	305	42
11075	7575	305	16
11175	7625	305	35
11175	7725	305	17
11025	7725	305	97
11025	7825	305	16
11175	7825	305	25
11325	7875	305	38
11425	7925	305	71
11425	8075	305	32
11325	8075	305	74
11275	8175	305	39
11425	8225	305	63
11425	8375	305	56
11275	8325	305	23
11175	8325	305	45
11075	8225	305	9
10975	8225	305	35
10925	7975	305	67
10775	7825	305	22
10825	7600	305	60
10725	7575	305	80
10775	7425	305	42
10675	7425	305	21
10525	7425	305	65
10525	7575	305	7
10450	7750	305	63
10300	7750	305	5
10425	7875	305	9
10525	7925	305	56
10575	7825	305	58
10625	7975	305	85
10725	7975	305	16
10725	8075	305	35
10625	8125	305	30
10525	8075	305	8
10425	8025	305	28
10425	8125	305	79
10250	8225	305	36
10150	8225	305	84
10225	8125	305	11
10275	7975	305	2
10125	7975	305	82
10000	7875	305	100
10000	7775	305	50
9825	7825	305	27
9625	7725	305	35
9475	7725	305	86
9425	7625	305	72
9575	7625	305	7
9625	7475	305	39
9725	7575	305	93
9825	7475	305	57
10025	7525	305	43
9975	7425	305	70
9925	7275	305	54
9825	7075	305	99
9625	7075	305	61
9725	6975	305	68
9875	6775	305	50
9725	6775	305	3
9575	6825	305	57
9575	6675	305	78
9725	6425	305	53
9625	6200	305	18
9725	6025	305	25
9625	6000	305	6
9225	6375	305	96
9225	6525	305	34
9375	6525	305	32
9375	6675	305	14
9225	6675	305	84
9225	6875	305	99
9225	7075	305	64
9226	7259	305	62
9225	7260	305	23
9226	7409	305	18
9225	7410	305	80
9225	7560	305	63
9226	7560	305	84
9225	7710	305	93
9225	7711	305	81
9325	7825	305	95
9225	7875	305	1
9225	7975	305	59
9225	8075	305	20
9225	8175	305	35
9225	8275	305	98
9225	8375	305	81
9225	8475	305	57
9275	8825	305	48
9475	8825	305	38
9578	8820	305	79
9847	8703	305	3
9875	8825	305	80
10025	8725	305	11
10075	8825	305	16
10175	8725	305	7
10100	8575	305	93
10250	8375	305	59
10250	8475	305	47
10250	8625	305	7
10475	8775	305	4
10575	8775	305	44
10675	8775	305	31
10775	8775	305	33
10925	8775	305	83
10875	8625	305	46
10875	8525	305	87
10975	8575	305	64
11175	8475	305	75
11275	8425	305	95
11350	8575	305	25
11450	8675	305	76
11350	8775	305	59
11325	9325	305	62
11325	9425	305	79
11325	9525	305	23
11325	9725	305	78
11325	9825	305	82
11125	10075	305	75
11375	10075	305	94
11375	10275	305	30
11400	10375	305	8
11400	10475	305	17
11400	10625	305	72
11400	10775	305	60
11300	10975	305	78
11125	10975	305	62
11125	11075	305	74
11025	11125	305	73
10925	11125	305	68
10925	11025	305	73
10550	10875	305	44
10550	11075	305	91
10275	11325	305	12
10375	11325	305	49
10575	11325	305	20
10675	11425	305	74
10775	11425	305	46
10850	11475	305	44
10850	11575	305	41
10850	11675	305	38
10775	11725	305	43
10675	11725	305	82
10875	11925	305	49
11025	11925	305	27
11175	11875	305	74
11050	11825	305	45
10950	11650	305	81
10950	11550	305	5
10950	11425	305	53
10850	11325	305	76
10950	11275	305	41
11050	11325	305	76
11225	11475	305	24
11375	11475	305	1
11325	11575	305	92
11325	11725	305	26
11325	11825	305	59
11325	11925	305	62
11325	12075	305	51
11450	12075	305	37
11450	12225	305	31
11422	12354	305	66
11425	12475	305	88
11325	12425	305	79
11325	12525	305	32
11175	12525	305	75
11175	12425	305	31
11125	12325	305	69
11100	12175	305	97
10975	12125	305	7
10925	12225	305	82
10950	12325	305	88
10900	12425	305	92
10900	12525	305	26
10800	12325	305	39
10525	12325	305	70
10425	12225	305	82
10475	12125	305	34
10325	12025	305	34
10175	12125	305	23
10225	12225	305	75
10325	12175	305	90
10325	12325	305	55
10125	12325	305	91
9975	12325	305	66
10050	12400	305	47
10050	12500	305	12
10025	12600	305	85
10175	12600	305	83
10325	12600	305	58
10475	12600	305	39
10575	12600	305	43
10675	12600	305	36
10525	13175	305	73
10525	13275	305	55
10675	13275	305	92
10825	13175	305	36
11025	13200	305	25
11224	13058	305	25
11400	13125	305	65
11400	13525	305	7
11400	13725	305	71
11175	13725	305	30
11025	13600	305	95
10975	13825	305	95
11075	13925	305	61
10975	14025	305	13
11175	14125	305	82
11375	14125	305	19
11325	14225	305	54
11400	14300	305	19
11125	14300	305	99
10975	14300	305	3
10875	14475	305	34
10925	14575	305	41
10825	14750	305	48
10725	14725	305	2
10775	14575	305	63
10675	14575	305	16
10525	14575	305	52
10525	14725	305	28
10450	14900	305	13
10300	14900	305	91
10425	15025	305	49
10425	15175	305	30
10425	15275	305	98
10525	15225	305	71
10625	15275	305	37
10725	15225	305	43
10725	15125	305	48
10625	15125	305	28
10525	15075	305	19
10575	14975	305	32
10775	14975	305	55
10925	15125	305	97
11025	14975	305	9
11025	14875	305	41
11075	14725	305	59
11075	14575	305	30
11175	14625	305	78
11175	14775	305	20
11175	14875	305	36
11175	14975	305	15
11325	15025	305	60
11425	15075	305	35
11425	15225	305	73
11325	15225	305	27
11275	15325	305	44
11425	15375	305	43
11425	15525	305	34
11350	15725	305	40
11450	15825	305	74
11350	15925	305	41
11175	15625	305	24
11275	15575	305	41
11275	15475	305	47
11175	15475	305	6
11075	15375	305	78
10975	15375	305	67
10875	15675	305	74
10975	15725	305	88
10875	15775	305	73
10925	15925	305	59
10775	15925	305	64
10675	15925	305	99
10575	15925	305	49
10475	15925	305	92
10250	15775	305	69
10175	15875	305	42
10075	15975	305	38
9875	15975	305	64
9847	15853	305	83
10025	15875	305	57
10100	15725	305	82
10250	15625	305	38
10250	15525	305	65
10250	15375	305	37
10150	15375	305	53
10225	15275	305	64
10275	15125	305	59
10125	15125	305	17
10000	15025	305	8
10000	14925	305	63
9825	14975	305	27
9625	14875	305	48
9475	14875	305	29
9425	14775	305	85
9575	14775	305	73
9625	14625	305	5
9725	14725	305	16
9825	14625	305	34
10025	14675	305	16
9975	14575	305	6
9925	14425	305	28
9825	14225	305	62
9625	14225	305	62
9725	14125	305	12
9875	13925	305	44
9725	13925	305	56
9575	13975	305	30
9575	13825	305	44
9725	13575	305	30
9625	13350	305	5
9725	13175	305	26
9625	13150	305	74
9225	13525	305	91
9225	13675	305	7
9375	13675	305	9
9375	13825	305	92
9225	13825	305	4
9225	14025	305	38
9225	14225	305	58
9226	14409	305	92
9225	14410	305	26
9226	14559	305	29
9225	14560	305	19
9225	14710	305	94
9226	14710	305	73
9225	14860	305	95
9225	14861	305	12
9325	14975	305	8
9225	15025	305	59
9225	15125	305	49
9225	15225	305	66
9225	15325	305	76
9225	15425	305	85
9225	15525	305	62
9225	15625	305	18
9578	15970	305	47
9475	15975	305	30
9275	15975	305	75
8900	15825	305	86
8800	15925	305	92
8800	15725	305	38
8725	15575	305	97
8625	15625	305	58
8425	15725	305	37
8325	15675	305	16
8325	15775	305	60
8375	15925	305	53
8225	15925	305	15
8125	15925	305	40
8025	15925	305	95
7925	15925	305	39
7700	15775	305	22
7700	15625	305	12
7700	15525	305	96
7550	15725	305	7
7625	15875	305	93
7525	15975	305	35
7475	15875	305	26
7325	15975	305	91
7297	15853	305	88
7028	15970	305	32
6925	15975	305	30
6725	15975	305	21
6675	15625	305	32
6675	15525	305	4
6675	15425	305	38
6675	15325	305	50
6675	15225	305	73
6675	15125	305	31
6675	15025	305	96
6775	14975	305	17
6675	14861	305	89
6675	14860	305	58
6676	14710	305	11
6675	14710	305	21
6675	14560	305	80
6676	14559	305	28
6675	14410	305	32
6676	14409	305	28
6675	14225	305	90
6675	14025	305	18
6675	13825	305	89
6825	13825	305	58
6825	13675	305	1
6675	13675	305	86
6675	13525	305	77
7075	13150	305	36
7175	13175	305	27
7075	13350	305	15
7175	13575	305	31
7025	13825	305	14
7025	13975	305	79
7175	13925	305	54
7325	13925	305	95
7175	14125	305	24
7075	14225	305	22
7275	14225	305	65
7375	14425	305	25
7425	14575	305	9
7475	14675	305	19
7275	14625	305	79
7175	14725	305	45
7075	14625	305	23
7025	14775	305	9
6875	14775	305	20
6925	14875	305	51
7075	14875	305	47
7275	14975	305	8
7450	14925	305	79
7450	15025	305	6
7575	15125	305	84
7725	15125	305	9
7675	15275	305	1
7600	15375	305	92
7700	15375	305	3
7875	15275	305	5
7875	15175	305	32
7975	15225	305	89
8075	15275	305	62
8175	15225	305	81
8175	15125	305	22
8075	15125	305	25
8025	14975	305	93
7975	15075	305	52
7875	15025	305	47
7750	14900	305	66
7900	14900	305	79
7975	14725	305	17
7975	14575	305	72
8125	14575	305	55
8225	14575	305	22
8175	14725	305	81
8275	14750	305	68
8225	14975	305	52
8375	15125	305	12
8425	15375	305	37
8525	15375	305	35
8625	15475	305	62
8725	15475	305	76
8875	15525	305	61
8875	15375	305	6
8725	15325	305	72
8775	15225	305	16
8875	15225	305	52
8875	15075	305	78
8775	15025	305	62
8625	14975	305	41
8475	14975	305	7
8475	14875	305	40
8625	14875	305	54
8625	14775	305	38
8525	14725	305	18
8625	14625	305	12
8525	14575	305	81
8375	14575	305	41
8325	14475	305	7
8425	14300	305	20
8575	14300	305	51
8850	14300	305	63
8775	14225	305	90
8825	14125	305	100
8625	14125	305	89
8425	14025	305	60
8525	13925	305	93
8425	13825	305	72
8475	13600	305	83
8625	13725	305	17
8850	13725	305	81
8850	13525	305	39
8850	13125	305	80
8674	13058	305	49
8475	13200	305	95
8275	13175	305	1
8125	13275	305	31
7975	13275	305	80
7975	13175	305	47
8125	12600	305	15
8025	12600	305	6
7925	12600	305	36
7775	12600	305	85
7625	12600	305	52
7475	12600	305	76
7500	12500	305	10
7500	12400	305	12
7425	12325	305	83
7575	12325	305	3
7675	12225	305	5
7625	12125	305	86
7775	12025	305	52
7925	12125	305	43
7875	12225	305	8
7775	12175	305	93
7775	12325	305	93
7975	12325	305	89
8250	12325	305	4
8350	12525	305	100
8350	12425	305	37
8400	12325	305	100
8375	12225	305	75
8425	12125	305	89
8550	12175	305	43
8575	12325	305	4
8625	12425	305	89
8625	12525	305	23
8775	12525	305	3
8775	12425	305	15
8875	12475	305	68
8872	12354	305	5
8900	12225	305	44
8900	12075	305	73
8775	12075	305	43
8775	11925	305	51
8775	11825	305	21
8775	11725	305	26
8775	11575	305	65
8825	11475	305	89
8675	11475	305	35
8500	11325	305	65
8400	11275	305	72
8300	11325	305	69
8400	11425	305	69
8400	11550	305	45
8400	11650	305	65
8500	11825	305	74
8625	11875	305	16
8475	11925	305	35
8325	11925	305	38
8125	11725	305	35
8225	11725	305	41
8300	11675	305	62
8300	11575	305	5
8300	11475	305	67
8225	11425	305	2
8125	11425	305	84
8025	11325	305	55
7825	11325	305	81
7725	11325	305	100
7525	11325	305	99
7425	11425	305	92
7325	11425	305	10
7250	11325	305	20
7150	11275	305	53
7050	11325	305	14
7150	11425	305	32
7250	11475	305	66
7250	11575	305	17
7150	11575	305	38
7150	11675	305	53
7250	11675	305	64
7325	11750	305	65
7425	11750	305	81
7225	11925	305	50
7075	11925	305	16
7050	11825	305	49
6975	11925	305	76
7025	12075	305	83
7125	12125	305	75
7175	12225	305	92
7025	12225	305	56
6925	12175	305	93
6925	12425	305	12
6925	12575	305	78
6925	12675	305	89
6925	12825	305	91
6665	12760	305	89
6665	12610	305	47
6665	12460	305	65
6665	12310	305	25
6665	12160	305	47
6665	12010	305	18
6825	11925	305	35
6665	11860	305	76
6665	11710	305	43
6775	11650	305	8
6850	11700	305	64
6850	11600	305	82
6775	11525	305	52
6825	11425	305	74
6725	11425	305	91
6275	11475	305	35
6225	11575	305	71
6125	11475	305	49
5950	11325	305	87
5850	11425	305	16
5750	11325	305	98
5850	11275	305	22
5825	11125	305	10
5825	11025	305	100
5925	11125	305	1
6025	11075	305	60
6025	10975	305	32
6200	10975	305	67
6300	10775	305	56
6300	10625	305	55
6300	10475	305	18
6300	10375	305	29
6275	10275	305	21
6700	10425	305	59
6700	10525	305	78
6700	10625	305	43
6700	10725	305	10
6700	10850	305	68
6725	11050	305	78
6875	11025	305	85
7000	11025	305	62
7075	11125	305	49
7175	11125	305	69
7175	11025	305	63
7550	11075	305	15
7550	10875	305	43
7550	10475	305	88
8000	10475	305	83
8000	10875	305	6
8000	11075	305	4
8375	11025	305	56
8375	11125	305	44
8475	11125	305	50
8575	11075	305	72
8575	10975	305	56
8750	10975	305	73
8850	10775	305	93
8850	10625	305	12
8850	10475	305	51
8850	10375	305	32
8825	10275	305	88
9250	10425	305	18
9250	10525	305	23
9250	10625	305	85
9250	10725	305	65
9250	10850	305	62
9275	11050	305	51
9425	11025	305	81
9550	11025	305	59
9625	11125	305	36
9725	11025	305	35
9725	11125	305	23
9700	11275	305	31
9800	11325	305	73
9700	11425	305	75
9600	11325	305	63
9375	11425	305	38
9275	11425	305	56
9325	11525	305	74
9400	11600	305	4
9400	11700	305	73
9325	11650	305	8
9215	11710	305	54
9215	11860	305	11
9375	11925	305	70
9215	12010	305	88
9215	12160	305	87
9215	12310	305	54
9215	12460	305	52
9215	12610	305	82
9215	12760	305	7
9475	12825	305	85
9475	12675	305	45
9475	12575	305	1
9475	12425	305	48
9475	12175	305	47
9575	12225	305	90
9725	12225	305	89
9675	12125	305	25
9575	12075	305	77
9525	11925	305	5
9600	11825	305	52
9625	11925	305	50
9775	11925	305	1
9975	11750	305	92
9875	11750	305	82
9800	11675	305	65
9700	11675	305	51
9700	11575	305	68
9800	11575	305	67
9800	11475	305	49
9875	11425	305	45
9975	11425	305	19
10075	11325	305	7
10100	11075	305	30
10100	10875	305	2
10100	10475	305	87
10550	10475	305	21
10848	10075	305	14
10575	10075	305	11
10437	9801	305	78
10435	9702	305	86
10435	9601	305	86
10436	9502	305	90
10436	9399	305	48
10436	9298	305	73
10175	9325	305	97
10175	9425	305	26
10175	9525	305	73
10175	9725	305	46
10175	9825	305	24
10075	10075	305	72
9800	10075	305	3
9525	10075	305	91
9375	10125	305	23
9290	9806	305	9
9289	9706	305	99
9289	9606	305	51
9290	9505	305	96
9290	9406	305	10
9289	9306	305	18
8775	9325	305	55
8775	9425	305	98
8775	9525	305	75
8775	9725	305	83
8775	9825	305	96
8825	10075	305	76
8575	10075	305	42
8298	10075	305	66
8025	10075	305	8
7887	9801	305	24
7885	9702	305	80
7885	9601	305	84
7886	9502	305	28
7886	9399	305	99
7886	9298	305	51
7625	9325	305	16
7625	9425	305	69
7625	9525	305	81
7625	9725	305	69
7625	9825	305	74
7525	10075	305	43
7250	10075	305	10
6975	10075	305	5
6825	10125	305	78
6740	9806	305	29
6739	9706	305	38
6739	9606	305	77
6740	9505	305	25
6740	9406	305	60
6739	9306	305	80
7028	8820	305	23
6925	8825	305	29
6725	8825	305	15
6675	8475	305	28
6675	8375	305	99
6675	8275	305	49
6675	8175	305	44
6675	8075	305	97
6675	7975	305	90
6675	7875	305	87
6775	7825	305	82
6675	7711	305	100
6675	7710	305	75
6676	7560	305	15
6675	7560	305	83
6675	7410	305	96
6676	7409	305	23
6675	7260	305	75
6676	7259	305	35
6675	7075	305	30
6675	6875	305	39
6675	6675	305	49
6825	6675	305	78
6825	6525	305	35
6675	6525	305	11
6675	6375	305	32
7075	6000	305	70
7175	6025	305	66
7075	6200	305	27
7175	6425	305	34
7025	6675	305	19
7025	6825	305	63
7175	6775	305	4
7325	6775	305	60
7175	6975	305	77
7075	7075	305	4
7275	7075	305	92
7375	7275	305	96
7425	7425	305	85
7475	7525	305	42
7275	7475	305	84
7175	7575	305	93
7075	7475	305	10
7025	7625	305	50
6875	7625	305	51
6925	7725	305	44
7075	7725	305	67
7275	7825	305	5
7450	7775	305	52
7450	7875	305	79
7575	7975	305	94
7725	7975	305	55
7675	8125	305	56
7600	8225	305	22
7700	8225	305	39
7700	8375	305	42
7700	8475	305	70
7550	8575	305	14
7475	8725	305	35
7297	8703	305	7
7325	8825	305	56
7525	8825	305	44
7625	8725	305	71
7700	8625	305	47
7925	8775	305	73
8025	8775	305	55
8125	8775	305	54
8225	8775	305	68
8375	8775	305	91
8325	8625	305	100
8425	8575	305	70
8325	8525	305	1
8425	8225	305	6
8525	8225	305	9
8625	8325	305	62
8725	8325	305	45
8725	8425	305	30
8625	8475	305	32
8800	8775	305	68
8900	8675	305	42
8800	8575	305	82
8875	8375	305	63
8875	8225	305	88
8725	8175	305	40
8775	8075	305	38
8875	8075	305	34
8875	7925	305	33
8775	7875	305	67
8625	7825	305	31
8625	7725	305	81
8625	7625	305	22
8625	7475	305	10
8525	7425	305	83
8525	7575	305	20
8475	7725	305	37
8475	7825	305	22
8375	7975	305	29
8225	7825	305	64
8025	7825	305	39
7975	7925	305	51
8075	7975	305	91
8175	7975	305	36
8175	8075	305	37
8075	8125	305	8
7975	8075	305	18
7875	8125	305	65
7875	8025	305	74
7875	7875	305	45
7750	7750	305	54
7900	7750	305	7
7975	7575	305	31
7975	7425	305	58
8125	7425	305	77
8225	7425	305	67
8175	7575	305	75
8275	7600	305	33
8375	7425	305	65
8325	7325	305	15
8425	7150	305	78
8575	7150	305	45
8850	7150	305	82
8775	7075	305	22
8825	6975	305	16
8625	6975	305	23
8425	6875	305	99
8525	6775	305	39
8425	6675	305	83
8475	6450	305	17
8625	6575	305	26
8850	6575	305	19
8850	6375	305	53
8850	5975	305	69
8674	5908	305	26
8475	6050	305	4
8275	6025	305	68
8125	6125	305	26
7975	6125	305	52
7975	6025	305	60
8125	5450	305	6
8025	5450	305	85
7925	5450	305	32
7775	5450	305	32
7625	5450	305	31
7475	5450	305	75
7500	5350	305	87
7500	5250	305	97
7425	5175	305	68
7575	5175	305	49
7675	5075	305	53
7625	4975	305	85
7775	4875	305	63
7925	4975	305	55
7875	5075	305	87
7775	5025	305	88
7775	5175	305	35
7975	5175	305	30
8250	5175	305	87
8350	5375	305	28
8350	5275	305	26
8400	5175	305	56
8375	5075	305	52
8425	4975	305	16
8550	5025	305	80
8575	5175	305	83
8625	5275	305	67
8625	5375	305	36
8775	5375	305	90
8775	5275	305	92
8875	5325	305	98
8872	5204	305	71
8900	5075	305	46
8900	4925	305	77
8775	4925	305	23
8775	4775	305	94
8775	4675	305	41
8775	4575	305	5
8625	4725	305	53
8500	4675	305	76
8475	4775	305	41
8325	4775	305	21
8125	4575	305	12
8225	4575	305	16
8300	4525	305	48
8400	4500	305	65
8400	4400	305	37
8300	4425	305	2
8300	4325	305	5
8225	4275	305	53
8125	4275	305	34
8025	4175	305	86
8000	3925	305	50
8000	3725	305	86
8000	3325	305	77
7550	3325	305	52
7550	3725	305	59
7550	3925	305	57
7825	4175	305	66
7725	4175	305	46
7525	4175	305	55
7425	4275	305	48
7325	4275	305	79
7250	4325	305	15
7250	4425	305	8
7150	4425	305	99
7150	4525	305	94
7250	4525	305	41
7325	4600	305	41
7425	4600	305	86
7225	4775	305	30
7075	4775	305	60
7050	4675	305	53
6975	4775	305	18
7025	4925	305	31
7125	4975	305	61
7175	5075	305	96
7025	5075	305	51
6925	5025	305	85
6925	5275	305	5
6925	5425	305	30
6925	5525	305	88
6925	5675	305	95
6665	5610	305	68
6665	5460	305	54
6665	5310	305	83
6665	5160	305	73
6665	5010	305	98
6665	4860	305	19
6825	4775	305	80
6665	4710	305	90
6665	4560	305	90
6775	4500	305	16
6850	4550	305	21
6850	4450	305	16
6775	4375	305	88
6725	4275	305	35
6825	4275	305	59
7050	4175	305	34
7150	4275	305	92
7250	4175	305	56
7150	4125	305	92
7175	3975	305	98
7175	3875	305	59
7075	3975	305	99
7000	3875	305	81
6875	3875	305	82
6725	3900	305	13
6700	3700	305	48
6700	3575	305	70
6700	3475	305	8
6700	3375	305	18
6700	3275	305	43
6275	3125	305	20
6300	3225	305	83
6300	3325	305	11
6300	3475	305	27
6300	3625	305	10
6200	3825	305	15
6025	3825	305	72
6025	3925	305	71
5925	3975	305	98
5825	3975	305	65
5825	3875	305	44
5450	3925	305	26
5450	3725	305	93
5450	3325	305	21
5000	3325	305	7
5000	3725	305	2
5000	3925	305	94
4625	3875	305	16
4625	3975	305	80
4525	3975	305	56
4450	3875	305	25
4325	3875	305	42
4175	3900	305	80
4150	3700	305	61
4150	3575	305	21
4150	3475	305	20
4150	3375	305	66
4150	3275	305	58
3725	3125	305	34
3750	3225	305	11
3750	3325	305	9
3750	3475	305	94
3750	3625	305	95
3650	3825	305	72
3475	3825	305	10
3475	3925	305	76
3375	3975	305	71
3275	3875	305	15
3275	3975	305	21
3300	4125	305	84
3200	4175	305	56
3300	4275	305	71
3400	4175	305	79
3575	4325	305	75
3675	4425	305	46
3725	4325	305	73
4175	4275	305	36
4275	4275	305	52
4225	4375	305	54
4300	4450	305	7
4300	4550	305	78
4225	4500	305	18
4115	4560	305	53
4115	4710	305	59
4275	4775	305	77
4115	4860	305	77
4115	5010	305	82
4115	5160	305	35
4115	5310	305	83
4115	5460	305	5
4115	5610	305	96
4375	5675	305	54
4375	5525	305	28
4375	5425	305	37
4375	5275	305	2
4375	5025	305	13
4475	5075	305	48
4625	5075	305	86
4575	4975	305	2
4475	4925	305	52
4425	4775	305	34
4500	4675	305	27
4525	4775	305	93
4675	4775	305	28
4875	4600	305	83
4775	4600	305	24
4700	4525	305	26
4600	4525	305	34
4600	4425	305	96
4700	4425	305	93
4700	4325	305	32
4600	4275	305	71
4500	4175	305	22
4600	4125	305	22
4700	4175	305	39
4775	4275	305	81
4875	4275	305	44
4975	4175	305	91
5175	4175	305	96
5275	4175	305	15
5475	4175	305	93
5575	4275	305	40
5675	4275	305	71
5750	4325	305	85
5750	4425	305	22
5750	4525	305	73
5675	4575	305	97
5575	4575	305	60
5775	4775	305	42
5925	4775	305	18
6075	4725	305	72
5950	4675	305	45
5850	4500	305	98
5850	4400	305	71
5850	4275	305	21
5750	4175	305	56
5850	4125	305	13
5950	4175	305	38
6125	4325	305	2
6275	4325	305	41
6225	4425	305	95
6225	4575	305	93
6225	4675	305	65
6225	4775	305	100
6225	4925	305	87
6350	4925	305	95
6350	5075	305	53
6322	5204	305	35
6325	5325	305	31
6225	5275	305	85
6225	5375	305	69
6075	5375	305	28
6075	5275	305	88
6025	5175	305	39
6000	5025	305	63
5875	4975	305	94
5825	5075	305	18
5850	5175	305	17
5800	5275	305	18
5800	5375	305	13
5700	5175	305	52
5425	5175	305	16
5325	5075	305	7
5375	4975	305	42
5225	4875	305	12
5075	4975	305	71
5125	5075	305	73
5225	5025	305	30
5225	5175	305	98
5025	5175	305	17
4875	5175	305	97
4950	5250	305	11
4950	5350	305	63
4925	5450	305	6
5075	5450	305	81
5225	5450	305	45
5375	5450	305	92
5475	5450	305	3
5575	5450	305	56
5425	6025	305	9
5425	6125	305	34
5575	6125	305	30
5725	6025	305	86
5925	6050	305	73
6124	5908	305	90
6300	5975	305	58
6300	6375	305	95
6300	6575	305	50
6075	6575	305	34
5925	6450	305	50
5875	6675	305	63
5975	6775	305	5
5875	6875	305	41
6075	6975	305	96
6275	6975	305	93
6225	7075	305	96
6300	7150	305	67
6025	7150	305	31
5875	7150	305	47
5775	7325	305	89
5825	7425	305	79
5975	7425	305	9
6075	7475	305	94
5975	7575	305	51
6075	7625	305	75
6075	7725	305	65
5925	7725	305	7
5925	7825	305	97
6075	7825	305	91
6225	7875	305	89
6325	7925	305	45
6325	8075	305	88
6225	8075	305	34
6175	8175	305	97
6325	8225	305	42
6325	8375	305	81
6175	8325	305	12
6075	8325	305	18
5975	8225	305	69
5875	8225	305	45
5825	7975	305	1
5675	7825	305	53
5725	7600	305	80
5625	7575	305	43
5675	7425	305	2
5575	7425	305	43
5425	7425	305	93
5425	7575	305	87
5350	7750	305	40
5200	7750	305	79
5325	7875	305	17
5475	7825	305	34
5425	7925	305	54
5525	7975	305	27
5625	7975	305	13
5625	8075	305	76
5525	8125	305	27
5425	8075	305	24
5325	8025	305	89
5325	8125	305	61
5150	8225	305	69
5050	8225	305	17
5125	8125	305	6
5175	7975	305	21
5025	7975	305	64
4900	7875	305	11
4900	7775	305	47
4725	7825	305	73
4525	7725	305	6
4375	7725	305	10
4325	7625	305	51
4475	7625	305	5
4525	7475	305	30
4625	7575	305	88
4725	7475	305	33
4925	7525	305	78
4875	7425	305	74
4825	7275	305	35
4725	7075	305	27
4525	7075	305	100
4625	6975	305	4
4775	6775	305	16
4625	6775	305	90
4475	6825	305	24
4475	6675	305	24
4625	6425	305	67
4525	6200	305	80
4625	6025	305	55
4525	6000	305	78
4125	6375	305	5
4125	6525	305	33
4275	6525	305	2
4275	6675	305	76
4125	6675	305	69
4125	6875	305	35
4125	7075	305	18
4126	7259	305	38
4125	7260	305	72
4126	7409	305	100
4125	7410	305	20
4125	7560	305	71
4126	7560	305	61
4125	7710	305	98
4125	7711	305	49
4225	7825	305	39
4125	7875	305	41
4125	7975	305	3
4125	8075	305	64
4125	8175	305	71
4125	8275	305	6
4125	8375	305	64
4125	8475	305	62
4175	8825	305	78
4375	8825	305	88
4478	8820	305	11
4747	8703	305	40
4775	8825	305	47
4925	8725	305	55
4975	8825	305	15
5075	8725	305	68
5000	8575	305	49
5150	8375	305	49
5150	8475	305	82
5150	8625	305	40
5375	8775	305	30
5475	8775	305	100
5575	8775	305	73
5675	8775	305	9
5825	8775	305	88
5775	8625	305	1
5775	8525	305	79
5875	8575	305	32
6075	8475	305	99
6175	8425	305	67
6250	8575	305	38
6350	8675	305	51
6250	8775	305	71
6225	9325	305	64
6225	9425	305	12
6225	9525	305	85
6225	9725	305	29
6225	9825	305	89
6275	10075	305	28
6025	10075	305	38
5748	10075	305	65
5475	10075	305	7
5337	9801	305	51
5335	9702	305	97
5335	9601	305	57
5336	9502	305	42
5336	9399	305	57
5336	9298	305	21
5075	9325	305	93
5075	9425	305	87
5075	9525	305	36
5075	9725	305	6
5075	9825	305	19
4975	10075	305	41
4700	10075	305	99
4425	10075	305	13
4275	10125	305	73
4190	9806	305	91
4189	9706	305	50
4189	9606	305	49
4190	9505	305	24
4190	9406	305	65
4189	9306	305	56
3675	9325	305	99
3675	9425	305	75
3675	9525	305	25
3675	9725	305	56
3675	9825	305	52
3725	10075	305	17
3475	10075	305	23
3198	10075	305	68
2925	10075	305	39
2787	9801	305	33
2785	9702	305	18
2785	9601	305	11
2786	9502	305	23
2786	9399	305	40
2786	9298	305	59
2525	9325	305	28
2525	9425	305	47
2525	9525	305	8
2525	9725	305	87
2525	9825	305	20
2425	10075	305	41
2150	10075	305	9
2450	10475	305	64
2900	10475	305	72
2900	10875	305	58
2900	11075	305	86
3275	11025	305	100
3275	11125	305	17
3375	11125	305	14
3475	11075	305	3
3475	10975	305	99
3650	10975	305	66
3750	10775	305	49
3750	10625	305	19
3750	10475	305	14
3750	10375	305	51
3725	10275	305	79
4150	10425	305	79
4150	10525	305	61
4150	10625	305	38
4150	10725	305	19
4150	10850	305	36
4175	11050	305	49
4325	11025	305	71
4450	11025	305	46
4525	11125	305	42
4625	11025	305	97
4625	11125	305	98
4600	11275	305	47
4700	11325	305	85
4600	11425	305	20
4500	11325	305	73
4275	11425	305	41
4175	11425	305	49
4225	11525	305	41
4300	11600	305	95
4300	11700	305	41
4225	11650	305	13
4115	11710	305	93
4115	11860	305	83
4275	11925	305	84
4115	12010	305	54
4115	12160	305	12
4115	12310	305	45
4115	12460	305	58
4115	12610	305	13
4115	12760	305	52
4375	12825	305	39
4375	12675	305	89
4375	12575	305	47
4375	12425	305	95
4375	12175	305	87
4475	12225	305	30
4625	12225	305	100
4575	12125	305	19
4475	12075	305	34
4425	11925	305	82
4500	11825	305	14
4525	11925	305	40
4675	11925	305	70
4875	11750	305	38
4775	11750	305	89
4700	11675	305	76
4600	11675	305	22
4600	11575	305	33
4700	11575	305	79
4700	11475	305	15
4775	11425	305	27
4875	11425	305	40
4975	11325	305	60
5175	11325	305	83
5275	11325	305	86
5000	11075	305	81
5000	10875	305	95
5000	10475	305	58
5450	10475	305	55
5450	10875	305	94
5450	11075	305	79
5475	11325	305	38
5575	11425	305	20
5675	11425	305	57
5750	11475	305	41
5750	11575	305	87
5850	11550	305	53
5850	11650	305	88
5750	11675	305	67
5675	11725	305	39
5575	11725	305	78
5775	11925	305	36
5925	11925	305	22
5950	11825	305	75
6075	11875	305	86
6225	11725	305	68
6225	11825	305	22
6225	11925	305	82
6225	12075	305	23
6350	12075	305	25
6350	12225	305	85
6322	12354	305	90
6325	12475	305	97
6225	12425	305	37
6225	12525	305	36
6075	12525	305	77
6075	12425	305	33
6025	12325	305	70
6000	12175	305	30
5875	12125	305	70
5825	12225	305	70
5850	12325	305	40
5800	12425	305	21
5800	12525	305	2
5700	12325	305	18
5425	12325	305	27
5325	12225	305	27
5375	12125	305	74
5225	12025	305	10
5075	12125	305	23
5125	12225	305	22
5225	12175	305	91
5225	12325	305	26
5025	12325	305	85
4875	12325	305	26
4950	12400	305	69
4950	12500	305	82
4925	12600	305	73
5075	12600	305	66
5225	12600	305	2
5375	12600	305	15
5475	12600	305	3
5575	12600	305	91
5425	13175	305	58
5425	13275	305	37
5575	13275	305	67
5725	13175	305	31
5925	13200	305	58
6124	13058	305	77
6300	13125	305	80
6300	13525	305	62
6300	13725	305	71
6075	13725	305	24
5925	13600	305	74
5875	13825	305	29
5975	13925	305	37
5875	14025	305	35
6075	14125	305	96
6275	14125	305	83
6225	14225	305	24
6300	14300	305	17
6025	14300	305	64
5875	14300	305	89
5775	14475	305	57
5825	14575	305	10
5725	14750	305	72
5625	14725	305	30
5675	14575	305	87
5575	14575	305	82
5425	14575	305	76
5425	14725	305	38
5350	14900	305	1
5200	14900	305	98
5325	15025	305	75
5325	15175	305	55
5325	15275	305	19
5425	15225	305	15
5525	15275	305	23
5625	15225	305	52
5625	15125	305	60
5525	15125	305	90
5425	15075	305	56
5475	14975	305	38
5675	14975	305	57
5825	15125	305	49
5925	14975	305	25
5925	14875	305	82
5975	14725	305	59
5975	14575	305	100
6075	14625	305	97
6075	14775	305	71
6075	14875	305	83
6075	14975	305	43
6225	15025	305	9
6325	15075	305	95
6325	15225	305	75
6225	15225	305	6
6175	15325	305	20
6325	15375	305	1
6325	15525	305	72
6250	15725	305	57
6350	15825	305	39
6250	15925	305	27
6075	15625	305	64
6175	15575	305	96
6175	15475	305	80
6075	15475	305	46
5975	15375	305	31
5875	15375	305	52
5775	15675	305	33
5875	15725	305	75
5775	15775	305	43
5825	15925	305	66
5675	15925	305	23
5575	15925	305	99
5475	15925	305	16
5375	15925	305	93
5150	15775	305	71
5075	15875	305	41
4975	15975	305	23
4775	15975	305	45
4747	15853	305	34
4925	15875	305	79
5000	15725	305	48
5150	15625	305	38
5150	15525	305	22
5150	15375	305	6
5050	15375	305	85
5125	15275	305	70
5175	15125	305	71
5025	15125	305	50
4900	15025	305	53
4900	14925	305	61
4725	14975	305	40
4525	14875	305	43
4375	14875	305	30
4325	14775	305	70
4475	14775	305	60
4525	14625	305	23
4625	14725	305	31
4725	14625	305	34
4925	14675	305	87
4875	14575	305	93
4825	14425	305	39
4725	14225	305	34
4525	14225	305	90
4625	14125	305	90
4775	13925	305	89
4625	13925	305	42
4475	13975	305	25
4475	13825	305	80
4625	13575	305	12
4525	13350	305	77
4625	13175	305	15
4525	13150	305	51
4125	13525	305	96
4125	13675	305	33
4275	13675	305	78
4275	13825	305	68
4125	13825	305	26
4125	14025	305	13
4125	14225	305	77
4126	14409	305	93
4125	14410	305	73
4126	14559	305	88
4125	14560	305	72
4125	14710	305	54
4126	14710	305	62
4125	14860	305	69
4125	14861	305	6
4225	14975	305	89
4125	15025	305	41
4125	15125	305	47
4125	15225	305	31
4125	15325	305	9
4125	15425	305	40
4125	15525	305	97
4125	15625	305	44
4478	15970	305	8
4375	15975	305	21
4175	15975	305	69
3800	15825	305	84
3700	15925	305	73
3700	15725	305	41
3625	15575	305	42
3525	15625	305	17
3325	15725	305	27
3225	15675	305	12
3225	15775	305	54
3275	15925	305	83
3125	15925	305	66
3025	15925	305	40
2925	15925	305	43
2825	15925	305	46
2600	15775	305	10
2600	15625	305	5
2600	15525	305	47
2450	15725	305	47
2525	15875	305	57
2425	15975	305	67
2375	15875	305	37
2225	15975	305	20
2197	15853	305	5
1928	15970	305	25
1825	15975	305	63
1625	15975	305	64
1575	15625	305	2
1575	15525	305	53
1575	15425	305	3
1575	15325	305	65
1575	15225	305	5
1575	15125	305	61
1575	15025	305	14
1675	14975	305	61
1575	14861	305	21
1575	14860	305	77
1575	14710	305	83
1576	14710	305	9
1575	14560	305	17
1576	14559	305	75
1575	14410	305	19
1576	14409	305	29
1575	14225	305	75
1575	14025	305	41
1575	13825	305	78
1725	13825	305	59
1725	13675	305	20
1575	13675	305	41
1575	13525	305	24
1975	13150	305	84
2075	13175	305	78
1975	13350	305	20
2075	13575	305	95
1925	13825	305	4
1925	13975	305	8
2075	13925	305	27
2225	13925	305	74
2075	14125	305	61
1975	14225	305	2
2175	14225	305	4
2275	14425	305	49
2325	14575	305	50
2375	14675	305	27
2175	14625	305	32
2075	14725	305	49
1975	14625	305	67
1925	14775	305	27
1775	14775	305	89
1825	14875	305	75
1975	14875	305	92
2175	14975	305	63
2350	14925	305	49
2350	15025	305	2
2475	15125	305	36
2625	15125	305	34
2575	15275	305	17
2500	15375	305	93
2600	15375	305	73
2775	15275	305	39
2775	15175	305	95
2875	15225	305	69
2975	15275	305	31
3075	15225	305	3
3075	15125	305	5
2975	15125	305	29
2925	14975	305	92
2875	15075	305	84
2775	15025	305	36
2650	14900	305	70
2800	14900	305	73
2875	14725	305	45
2875	14575	305	93
3025	14575	305	21
3125	14575	305	17
3075	14725	305	55
3175	14750	305	66
3125	14975	305	69
3275	15125	305	39
3325	15375	305	84
3425	15375	305	61
3525	15475	305	27
3625	15475	305	64
3775	15525	305	36
3775	15375	305	82
3625	15325	305	47
3675	15225	305	64
3775	15225	305	99
3775	15075	305	60
3675	15025	305	50
3525	14975	305	40
3375	14975	305	63
3375	14875	305	45
3525	14875	305	45
3525	14775	305	69
3425	14725	305	82
3525	14625	305	68
3425	14575	305	70
3275	14575	305	22
3225	14475	305	5
3325	14300	305	18
3475	14300	305	45
3750	14300	305	33
3675	14225	305	76
3725	14125	305	27
3525	14125	305	47
3325	14025	305	84
3425	13925	305	49
3325	13825	305	98
3375	13600	305	50
3525	13725	305	88
3750	13725	305	60
3750	13525	305	62
3750	13125	305	51
3574	13058	305	6
3375	13200	305	83
3175	13175	305	94
3025	13275	305	8
2875	13275	305	16
2875	13175	305	98
3025	12600	305	87
2925	12600	305	36
2825	12600	305	64
2675	12600	305	80
2525	12600	305	35
2375	12600	305	49
2400	12500	305	90
2400	12400	305	66
2325	12325	305	42
2475	12325	305	59
2575	12225	305	15
2525	12125	305	17
2675	12025	305	42
2825	12125	305	36
2775	12225	305	39
2675	12175	305	97
2675	12325	305	89
2875	12325	305	51
3150	12325	305	62
3250	12525	305	88
3250	12425	305	80
3300	12325	305	78
3275	12225	305	32
3325	12125	305	36
3450	12175	305	67
3475	12325	305	81
3525	12425	305	19
3525	12525	305	61
3675	12525	305	81
3675	12425	305	99
3775	12475	305	23
3772	12354	305	63
3800	12225	305	45
3800	12075	305	16
3675	12075	305	64
3675	11925	305	15
3675	11825	305	4
3675	11725	305	29
3675	11575	305	17
3725	11475	305	48
3575	11475	305	82
3400	11325	305	89
3300	11275	305	93
3200	11325	305	59
3300	11425	305	94
3300	11550	305	74
3300	11650	305	14
3400	11825	305	49
3525	11875	305	93
3375	11925	305	87
3225	11925	305	41
3025	11725	305	96
3125	11725	305	26
3200	11675	305	58
3200	11575	305	82
3200	11475	305	28
3125	11425	305	19
3025	11425	305	18
2925	11325	305	93
2725	11325	305	76
2625	11325	305	90
2450	10875	305	47
2450	11075	305	7
2425	11325	305	32
2325	11425	305	94
2225	11425	305	12
2150	11475	305	30
2150	11575	305	8
2050	11575	305	86
2050	11675	305	71
2150	11675	305	64
2225	11750	305	43
2325	11750	305	19
2125	11925	305	75
1975	11925	305	57
1950	11825	305	58
1875	11925	305	66
1925	12075	305	22
2025	12125	305	3
2075	12225	305	51
1925	12225	305	24
1825	12175	305	19
1825	12425	305	45
1825	12575	305	9
1825	12675	305	90
1825	12825	305	16
1565	12760	305	13
1565	12610	305	58
1565	12460	305	61
1565	12310	305	87
1565	12160	305	53
1565	12010	305	21
1725	11925	305	99
1565	11860	305	48
1565	11710	305	70
1675	11650	305	90
1750	11700	305	25
1750	11600	305	99
1675	11525	305	51
1625	11425	305	82
1725	11425	305	45
1950	11325	305	19
2050	11425	305	7
2150	11325	305	9
2050	11275	305	26
2075	11125	305	37
2075	11025	305	95
1975	11125	305	67
1900	11025	305	92
1775	11025	305	36
1625	11050	305	69
1600	10850	305	5
1600	10725	305	29
1600	10625	305	32
1600	10525	305	9
1600	10425	305	25
1725	10125	305	44
1875	10075	305	10
1640	9806	305	73
1639	9706	305	17
1639	9606	305	68
1640	9505	305	69
1640	9406	305	62
1639	9306	305	73
1928	8820	305	94
1825	8825	305	16
1625	8825	305	73
1575	8475	305	30
1575	8375	305	22
1575	8275	305	9
1575	8175	305	75
1575	8075	305	9
1575	7975	305	42
1575	7875	305	43
1675	7825	305	33
1575	7711	305	84
1575	7710	305	11
1576	7560	305	94
1575	7560	305	69
1575	7410	305	8
1576	7409	305	59
1575	7260	305	73
1576	7259	305	77
1575	7075	305	93
1575	6875	305	85
1575	6675	305	3
1725	6675	305	95
1725	6525	305	81
1575	6525	305	94
1575	6375	305	43
1975	6000	305	17
2075	6025	305	4
1975	6200	305	93
2075	6425	305	2
1925	6675	305	68
1925	6825	305	22
2075	6775	305	67
2225	6775	305	63
2075	6975	305	54
1975	7075	305	93
2175	7075	305	94
2275	7275	305	87
2325	7425	305	4
2375	7525	305	51
2175	7475	305	89
2075	7575	305	2
1975	7475	305	49
1925	7625	305	57
1775	7625	305	66
1825	7725	305	7
1975	7725	305	8
2175	7825	305	41
2350	7775	305	19
2350	7875	305	26
2475	7975	305	18
2625	7975	305	41
2575	8125	305	77
2500	8225	305	85
2600	8225	305	28
2600	8375	305	94
2600	8475	305	74
2450	8575	305	88
2375	8725	305	22
2197	8703	305	41
2225	8825	305	2
2425	8825	305	78
2525	8725	305	61
2600	8625	305	52
2825	8775	305	85
2925	8775	305	27
3025	8775	305	54
3125	8775	305	98
3275	8775	305	83
3225	8625	305	4
3325	8575	305	90
3225	8525	305	43
3325	8225	305	90
3425	8225	305	84
3525	8325	305	99
3625	8325	305	13
3625	8425	305	18
3525	8475	305	68
3700	8775	305	92
3800	8675	305	6
3700	8575	305	46
3775	8375	305	93
3775	8225	305	25
3625	8175	305	19
3675	8075	305	75
3775	8075	305	81
3775	7925	305	78
3675	7875	305	37
3525	7825	305	50
3525	7725	305	96
3525	7625	305	75
3525	7475	305	53
3425	7425	305	5
3425	7575	305	28
3375	7725	305	4
3375	7825	305	97
3275	7975	305	55
3125	7825	305	22
2925	7825	305	26
2875	7925	305	50
2975	7975	305	68
3075	7975	305	94
3075	8075	305	31
2975	8125	305	67
2875	8075	305	56
2775	8125	305	15
2775	8025	305	90
2775	7875	305	31
2650	7750	305	85
2800	7750	305	92
2875	7575	305	82
2875	7425	305	30
3025	7425	305	17
3125	7425	305	94
3075	7575	305	14
3175	7600	305	39
3275	7425	305	8
3225	7325	305	60
3325	7150	305	16
3475	7150	305	59
3750	7150	305	31
3675	7075	305	6
3725	6975	305	87
3525	6975	305	38
3325	6875	305	80
3425	6775	305	84
3325	6675	305	9
3375	6450	305	36
3525	6575	305	13
3750	6575	305	52
3750	6375	305	63
3750	5975	305	77
3574	5908	305	51
3375	6050	305	13
3175	6025	305	82
3025	6125	305	68
2875	6125	305	24
2875	6025	305	78
3025	5450	305	42
2925	5450	305	29
2825	5450	305	48
2675	5450	305	13
2525	5450	305	69
2375	5450	305	48
2400	5350	305	96
2400	5250	305	65
2325	5175	305	47
2475	5175	305	97
2575	5075	305	69
2525	4975	305	77
2675	4875	305	41
2825	4975	305	35
2775	5075	305	5
2675	5025	305	18
2675	5175	305	41
2875	5175	305	86
3150	5175	305	73
3250	5375	305	56
3250	5275	305	96
3300	5175	305	89
3275	5075	305	57
3325	4975	305	24
3450	5025	305	77
3475	5175	305	83
3525	5275	305	39
3525	5375	305	41
3675	5375	305	43
3675	5275	305	80
3775	5325	305	74
3772	5204	305	16
3800	5075	305	52
3800	4925	305	10
3675	4925	305	6
3675	4775	305	98
3675	4675	305	77
3675	4575	305	70
3525	4725	305	77
3400	4675	305	8
3375	4775	305	3
3225	4775	305	35
3025	4575	305	34
3125	4575	305	54
3200	4525	305	50
3300	4500	305	97
3300	4400	305	18
3200	4425	305	61
3200	4325	305	88
3125	4275	305	91
3025	4275	305	76
2925	4175	305	69
2900	3925	305	18
2900	3725	305	57
2900	3325	305	69
2450	3325	305	32
2450	3725	305	92
2450	3925	305	51
2725	4175	305	46
2625	4175	305	85
2425	4175	305	66
2325	4275	305	29
2225	4275	305	49
2150	4325	305	84
2150	4425	305	99
2050	4425	305	44
2050	4525	305	4
2150	4525	305	11
2225	4600	305	27
2325	4600	305	4
2125	4775	305	48
1975	4775	305	36
1950	4675	305	76
1875	4775	305	93
1925	4925	305	80
2025	4975	305	55
2075	5075	305	16
1925	5075	305	51
1825	5025	305	59
1825	5275	305	43
1825	5425	305	26
1825	5525	305	38
1825	5675	305	56
1565	5610	305	89
1565	5460	305	95
1565	5310	305	85
1565	5160	305	6
1565	5010	305	83
1565	4860	305	35
1725	4775	305	97
1565	4710	305	37
1565	4560	305	37
1675	4500	305	91
1750	4550	305	24
1750	4450	305	34
1675	4375	305	73
1625	4275	305	10
1725	4275	305	90
1950	4175	305	48
2050	4275	305	29
2150	4175	305	83
2050	4125	305	12
2075	3975	305	13
2075	3875	305	15
1975	3975	305	27
1900	3875	305	3
1775	3875	305	18
1625	3900	305	48
1600	3700	305	34
1600	3575	305	80
1600	3475	305	7
1600	3375	305	68
1600	3275	305	67
1725	2975	305	94
1640	2656	305	96
1639	2556	305	64
1639	2456	305	46
1640	2355	305	88
1640	2256	305	94
