==================================================================================================================================
Instancia              p n_runs           Best           Mean        Std    T_avg  gap_best%  gap_mean%  gap_time%
==================================================================================================================================
ali535            5     10          9956.77        9956.77       0.00    11.9s       -0.760     -3.856      -99.5
ali535           25     10          3699.10        3713.23      19.11    39.5s       -0.081     -2.959      -98.5
ali535           50     10          2479.65        2502.87      19.08   323.7s       -0.946     -1.434      -88.8
ali535          100     10          1447.62        1461.30       6.93   312.2s       -1.023     -8.243      -85.5
ali535          150     10          1037.74        1046.82       5.79   904.0s       +0.085     -2.924      -64.5
fnl4461          20     10       1284272.92     1285016.32     581.05   768.1s       -1.256     -2.243      -91.0
fnl4461         100     10        554738.45      557008.64    1407.83  1636.0s       +0.620     -0.708      -81.9
fnl4461         250     10        340583.72      343948.22    2407.24  1958.4s       +1.126     +1.103      -78.8
fnl4461         500     10        229470.07      230355.14     839.31  3429.8s       +3.130     -0.947      -65.0
fnl4461        1000     10        149768.61      151180.71    1058.91  4191.9s       +2.225     +0.396      -53.9
lin318            5     10        180281.21      180281.21       0.00    14.5s       -0.018     -0.481      -96.2
lin318           15     10         88901.56       88927.74      68.46    25.6s       -0.157     -0.311      -95.0
lin318           40     10         48046.39       48159.16     102.27   103.9s       -0.093     +0.061      -87.6
lin318           70     10         32229.85       32375.97      93.80   185.3s       -0.192     -0.091      -65.5
lin318          100     10         22955.10       23127.02     137.96   849.1s       -0.377     -0.351      +12.6
p3038           600     10        123819.72      124745.28     752.06  2913.9s       +0.733     -0.282      -36.7
p3038           700     10        110980.39      111526.25     512.46  3103.4s       -0.041     +0.385      -28.0
p3038           800     10        101284.38      101606.24     256.78  3675.2s       +0.852     +0.496      -29.3
p3038           900     10         93192.14       93858.12     336.64  3990.2s       +0.653     +0.612      -26.5
p3038          1000     10         86921.10       87296.23     292.64  4060.0s       +0.891     +0.427      -28.5
pr2392           20     10       2229335.63     2232915.18    4079.71   392.3s       -7.662     -4.435      -89.8
pr2392           75     10       1095606.94     1102575.01    5591.07   367.8s       -0.374     -2.797      -90.8
pr2392          150     10        714904.35      718551.29    2693.67   688.6s       +0.140     +0.596      -84.7
pr2392          300     10        462359.90      465413.46    2414.19  1375.7s       +0.533     +0.307      -62.1
pr2392          500     10        318566.23      321170.77    1913.03  2200.9s       +0.276     +0.461      -41.5
rl1304           10     10       2146737.86     2147724.71     654.37   186.5s       -0.562     -3.504      -96.6
rl1304           50     10        808897.45      815358.33    4243.97   140.8s       +0.612     +0.720      -97.6
rl1304          100     10        500117.47      503461.76    2854.65   506.4s       +0.321     +0.829      -84.4
rl1304          200     10        279007.56      280179.88     951.32   780.6s       +0.689     +0.670      -53.4
rl1304          300     10        192282.44      192868.48     494.63  1178.7s       -0.482     -0.436      -78.2
u724             10     10        181782.97      182075.12     240.59    20.7s      +19.579    +19.021      -99.6
u724             30     10         95363.34       95600.30     169.00    23.7s       +0.170     -0.231      -99.4
u724             75     10         54936.08       55273.91     209.52    80.4s       +0.042     +0.221      -97.5
u724            125     10         39192.33       39353.38     106.89   213.6s       +0.167     -0.155      -87.2
u724            200     10         28131.15       28244.69      73.50   634.1s       -2.047     -2.260      -68.9
==================================================================================================================================
MEDIA GERAL                                                                             +0.479     -0.353      -72.0

Total runs: 350  OK: 350  TIMEOUT: 0  ERRO: 0

CSV detalhado: ./experiments/results/final_20260422_010616.csv
