==================================================================================================================================
Instancia              p n_runs           Best           Mean        Std    T_avg  gap_best%  gap_mean%  gap_time%
==================================================================================================================================
ali535            5     10          9956.77        9956.77       0.00    13.2s       -0.760     -3.856      -99.5
ali535           25     10          3702.39        3720.72      16.67    45.9s       +0.008     -2.763      -98.2
ali535           50     10          2475.19        2497.50      12.97   202.3s       -1.125     -1.645      -93.0
ali535          100     10          1455.05        1462.20       6.63   287.3s       -0.515     -8.187      -86.6
ali535          150     10          1041.00        1046.19       3.14   902.7s       +0.400     -2.983      -64.6
fnl4461          20     10       1283901.75     1285017.97     928.80   775.7s       -1.284     -2.243      -90.9
fnl4461         100     10        554594.22      556303.68    1490.27  1424.3s       +0.594     -0.834      -84.3
fnl4461         250     10        340207.19      343460.21    1791.26  1788.0s       +1.015     +0.959      -80.6
fnl4461         500     10        228721.76      230132.74     962.05  3337.6s       +2.793     -1.042      -66.0
fnl4461        1000     10        148132.49      150568.12    1251.21  4233.9s       +1.109     -0.011      -53.5
lin318            5     10        180281.21      180281.21       0.00    14.4s       -0.018     -0.481      -96.3
lin318           15     10         88901.56       88901.56       0.00    39.8s       -0.157     -0.341      -92.2
lin318           40     10         47996.21       48183.24     143.02    88.0s       -0.198     +0.111      -89.5
lin318           70     10         32312.45       32429.36     122.72   277.1s       +0.064     +0.074      -48.5
lin318          100     10         22969.54       23113.40      92.44   716.2s       -0.314     -0.410       -5.0
p3038           600     10        124180.05      125049.63     819.24  2836.7s       +1.026     -0.039      -38.4
p3038           700     10        111100.90      111459.08     385.88  3527.9s       +0.068     +0.325      -18.1
p3038           800     10        101369.95      101776.53     334.74  3521.7s       +0.938     +0.665      -32.2
p3038           900     10         93470.32       93948.72     273.10  3794.3s       +0.954     +0.709      -30.1
p3038          1000     10         86877.18       87158.26     224.18  4067.5s       +0.840     +0.268      -28.3
pr2392           20     10       2230356.88     2232794.53    3000.01   397.8s       -7.620     -4.440      -89.7
pr2392           75     10       1097888.12     1101961.41    4864.01   404.8s       -0.167     -2.851      -89.8
pr2392          150     10        714303.67      719420.33    2306.74   880.0s       +0.056     +0.718      -80.5
pr2392          300     10        460115.98      462839.31    1709.63  1722.0s       +0.046     -0.247      -52.6
pr2392          500     10        318487.44      319975.21    1078.67  2523.5s       +0.251     +0.087      -32.9
rl1304           10     10       2146830.48     2148729.23    4002.91   177.9s       -0.558     -3.459      -96.7
rl1304           50     10        806145.65      810918.54    3427.48   143.0s       +0.270     +0.171      -97.5
rl1304          100     10        502548.49      504545.72    1633.03   353.7s       +0.809     +1.046      -89.1
rl1304          200     10        278897.45      280844.44    1452.04   768.6s       +0.649     +0.908      -54.1
rl1304          300     10        192438.09      193607.78    1102.76   980.6s       -0.402     -0.054      -81.8
u724             10     10        181778.64      181931.55     165.78    21.4s      +19.576    +18.927      -99.6
u724             30     10         95249.16       95615.87     271.60    28.1s       +0.050     -0.214      -99.3
u724             75     10         55014.71       55211.34     188.27   117.1s       +0.186     +0.107      -96.4
u724            125     10         39078.08       39311.10     168.49   199.0s       -0.125     -0.263      -88.1
u724            200     10         28147.27       28381.77     182.07   579.3s       -1.991     -1.786      -71.6
==================================================================================================================================
MEDIA GERAL                                                                             +0.470     -0.374      -71.9

Total runs: 350  OK: 350  TIMEOUT: 0  ERRO: 0

CSV detalhado: ./experiments/results/final_20260416_175439.csv
