535	50		
36.49	7.49	655	18
57.06	9.51	655	74
30.22	48.14	655	84
5.15	-3.56	655	89
34.59	-106.37	655	77
57.12	-2.12	655	74
16.45	-99.45	655	58
5.36	-0.10	655	22
28.56	-13.36	655	23
8.59	38.48	655	53
12.50	45.02	655	98
-34.48	138.38	655	88
30.23	-9.33	655	19
56.18	12.51	655	23
36.40	-4.30	655	41
40.38	8.17	655	71
35.11	-3.50	655	40
41.55	8.48	655	60
-37.01	174.47	655	83
38.17	-0.34	655	44
36.42	3.13	655	44
36.11	37.14	655	11
35.14	-101.42	655	28
31.58	35.59	655	39
52.18	4.46	655	97
61.10	-149.59	655	83
39.57	32.41	655	100
51.11	4.28	655	3
17.08	-61.47	655	37
43.37	13.22	655	71
29.38	35.01	655	70
59.39	17.55	655	42
15.18	38.55	655	50
-25.14	-57.31	655	39
23.58	32.47	655	12
37.54	23.44	655	51
33.46	-84.31	655	24
12.30	-70.01	655	41
24.26	54.28	655	38
36.55	30.48	655	66
26.16	50.38	655	64
40.29	50.01	655	5
39.11	-76.40	655	47
10.48	-74.52	655	71
-16.11	-52.30	655	73
10.25	45.01	655	30
41.18	2.05	655	74
32.22	-64.42	655	63
41.56	-72.41	655	2
40.39	17.57	655	72
44.49	20.19	655	72
9.21	34.31	655	71
32.06	20.16	655	75
52.29	13.24	655	60
48.27	-4.25	655	82
-19.48	3.45	655	7
33.49	35.29	655	94
54.39	-6.14	655	57
35.48	-101.22	655	10
4.24	18.31	655	99
13.04	-59.30	655	98
60.17	5.13	655	13
44.48	-68.50	655	4
33.14	44.14	655	47
45.40	9.24	655	54
33.34	-86.45	655	22
52.27	-1.45	655	7
42.33	9.29	655	94
45.48	-108.37	655	17
43.28	-1.32	655	74
13.21	-16.40	655	31
-3.19	29.19	655	98
13.55	100.36	655	85
12.38	-8.02	655	10
55.44	9.09	655	2
44.32	11.18	655	48
12.57	77.40	655	50
-15.41	34.58	655	59
27.13	56.22	655	68
-27.25	153.05	655	32
44.50	-0.43	655	32
4.42	-74.09	655	56
50.47	-1.51	655	8
19.05	72.52	655	5
67.16	14.22	655	16
42.22	-71.00	655	11
53.03	8.48	655	37
41.08	16.47	655	44
46.55	7.30	655	5
51.31	-2.35	655	35
50.54	4.29	655	96
-15.52	-47.55	655	19
47.35	7.32	655	19
48.10	16.13	655	30
47.27	19.15	655	15
-34.49	-58.32	655	32
42.55	-78.38	655	3
44.30	26.06	655	11
49.27	2.07	655	61
-4.15	15.15	655	25
39.15	9.04	655	49
30.08	31.24	655	65
23.11	113.16	655	94
33.33	-7.40	655	62
-11.54	22.45	655	44
4.49	-52.22	655	49
52.13	0.11	655	66
-35.19	149.12	655	9
10.36	-66.59	655	53
22.39	88.27	655	95
52.50	-1.19	655	32
49.01	2.33	655	62
43.33	6.57	655	32
45.40	-0.19	655	55
39.37	19.55	655	77
50.52	7.09	655	68
41.59	-87.54	655	62
41.48	12.36	655	83
9.34	-13.37	655	61
41.25	-81.51	655	56
3.26	-76.25	655	97
42.31	8.48	655	70
-28.02	145.37	655	61
7.11	79.53	655	17
40.04	-83.04	655	52
33.22	-7.35	655	67
48.07	7.22	655	89
44.22	28.29	655	18
45.40	-0.19	655	49
6.21	2.23	655	28
55.37	12.39	655	25
-33.58	18.36	655	10
37.28	15.04	655	21
10.27	-75.31	655	64
-26.25	146.14	655	1
39.00	17.05	655	4
12.12	-68.57	655	73
39.09	-84.20	655	43
39.03	-84.20	655	46
51.24	-3.12	655	9
29.11	-81.03	655	95
23.46	90.23	655	60
14.45	42.59	655	81
32.50	-96.51	655	86
33.25	36.31	655	57
-6.53	39.12	655	58
42.34	18.16	655	48
-29.58	30.57	655	82
38.51	-77.02	655	24
28.34	77.07	655	38
39.46	-104.53	655	88
32.46	-96.24	655	54
26.16	50.10	655	26
47.16	5.05	655	63
33.52	10.47	655	37
14.45	-17.30	655	22
4.01	9.43	655	3
19.08	30.26	655	83
25.16	51.34	655	93
49.22	0.10	655	85
-8.45	115.10	655	11
51.08	13.46	655	85
-12.25	130.52	655	67
42.14	-83.32	655	98
42.13	-83.21	655	32
53.26	-6.15	655	21
51.17	6.45	655	15
25.15	55.20	655	36
0.03	32.26	655	27
45.32	4.18	655	87
55.57	-3.22	655	43
51.27	5.23	655	21
31.48	-106.16	655	88
52.50	-1.19	655	90
48.19	6.04	655	100
40.07	33.00	655	70
40.09	82.40	655	58
40.42	-74.10	655	50
50.44	-3.25	655	43
-34.49	-58.32	655	54
64.49	-147.51	655	71
37.01	-7.58	655	58
-11.35	27.31	655	47
59.54	10.37	655	16
41.49	12.15	655	49
14.35	-61.00	655	73
33.56	45.80	655	12
-4.23	15.26	655	54
43.49	11.12	655	2
8.37	-13.12	655	19
41.26	15.32	655	15
50.02	8.34	655	79
44.12	12.04	655	83
-21.13	27.29	655	40
28.27	-13.52	655	13
53.29	-1.00	655	3
-19.27	29.52	655	37
54.23	18.28	655	97
60.12	11.05	655	39
24.57	10.10	655	9
-22.50	-43.15	655	39
55.52	-4.26	655	2
45.22	5.20	655	13
7.09	41.43	655	30
44.25	8.50	655	23
57.40	18.18	655	6
41.54	2.46	655	37
37.11	-3.47	655	78
47.00	15.26	655	90
51.09	-0.11	655	4
14.34	-90.32	655	31
46.14	6.07	655	68
-2.09	-79.53	655	80
52.28	9.42	655	80
53.38	10.00	655	25
60.19	24.58	655	75
35.20	25.11	655	34
30.20	120.51	655	14
22.19	114.12	655	46
31.40	6.09	655	6
35.33	139.46	655	42
21.20	-157.55	655	53
29.59	-95.28	655	29
38.57	-77.27	655	66
43.06	-78.57	655	91
38.52	1.22	655	63
47.34	-97.27	655	57
50.21	30.55	655	80
-25.44	-54.28	655	90
39.44	-86.17	655	48
40.59	28.49	655	73
38.17	27.10	655	10
21.30	39.12	655	62
49.13	-2.12	655	17
40.38	-73.46	655	5
11.33	43.10	655	50
-6.09	106.51	655	95
-26.08	28.15	655	38
-3.22	36.38	655	37
45.28	-73.44	655	60
12.03	8.31	655	96
34.34	69.12	655	35
63.59	-22.37	655	48
-1.58	30.08	655	24
22.34	120.17	655	10
24.54	67.09	655	32
-6.18	155.43	655	71
17.56	-76.48	655	28
50.05	19.47	655	75
15.36	32.33	655	25
27.42	85.22	655	36
3.08	101.33	655	94
29.13	47.58	655	43
-8.51	13.14	655	97
10.36	-66.59	655	46
36.04	-115.09	655	20
33.56	-118.24	655	8
53.52	-1.39	655	92
48.58	2.27	655	14
0.27	9.25	655	36
34.52	33.38	655	57
43.11	0.00	655	14
59.49	30.17	655	69
36.51	-2.22	655	22
51.24	12.25	655	78
51.25	12.14	655	5
6.10	1.15	655	19
40.46	-73.52	655	7
33.57	-118.24	655	9
50.38	5.27	655	55
51.09	-0.11	655	6
51.28	-0.27	655	14
50.34	3.05	655	43
-12.01	-77.07	655	25
45.27	9.16	655	73
38.46	-9.08	655	32
46.13	14.28	655	10
35.30	12.37	655	84
48.14	14.11	655	82
51.28	-0.27	655	8
6.35	3.20	655	31
27.56	-15.23	655	19
-16.30	-68.11	655	76
53.21	-2.53	655	50
6.10	1.15	655	56
51.53	-0.22	655	85
-25.55	32.34	655	23
-15.20	28.27	655	23
4.27	114.00	655	60
49.37	6.12	655	97
-17.49	25.49	655	19
25.41	32.43	655	68
45.44	4.56	655	56
13.00	80.11	655	44
40.29	-3.34	655	54
31.52	-4.13	655	18
53.21	-2.16	655	18
-3.04	-60.00	655	19
10.34	-71.44	655	18
-4.02	39.36	655	18
46.22	15.47	655	25
39.18	-94.44	655	63
28.32	-81.20	655	26
23.36	58.17	655	56
44.25	8.50	655	58
-37.44	144.54	655	83
24.31	39.42	655	6
-37.41	144.51	655	84
19.26	-99.04	655	96
12.07	-86.11	655	81
2.01	45.19	655	76
25.48	-80.17	655	42
20.56	-89.41	655	44
45.27	9.16	655	78
35.45	10.45	655	11
39.07	-94.36	655	39
35.52	14.29	655	21
4.11	73.32	655	31
47.45	7.26	655	68
55.33	13.22	655	6
54.31	-1.25	655	12
14.31	121.01	655	54
55.58	37.25	655	88
43.35	3.58	655	27
-25.55	32.34	655	12
-8.58	125.13	655	89
43.26	5.13	655	51
-20.26	57.41	655	12
51.21	1.21	655	26
44.53	-93.13	655	30
53.52	27.33	655	38
50.55	5.47	655	80
29.59	-90.16	655	42
-26.31	31.19	655	60
48.08	11.42	655	55
-34.50	-56.02	655	92
45.38	8.43	655	28
49.05	6.08	655	50
-17.45	177.27	655	100
40.53	14.18	655	8
25.02	-77.28	655	70
-1.19	36.56	655	66
43.40	7.13	655	85
55.02	-1.41	655	6
45.56	6.06	655	4
12.08	15.02	655	5
32.56	129.56	655	20
35.09	36.17	655	31
13.29	2.10	655	89
18.06	-15.57	655	56
-13.00	28.39	655	95
58.35	16.15	655	33
35.45	140.23	655	21
47.09	-1.36	655	53
49.30	11.05	655	66
52.41	1.17	655	45
40.38	-73.46	655	13
55.28	10.20	655	80
46.26	30.41	655	67
26.21	127.46	655	67
35.26	-97.46	655	79
40.54	9.31	655	66
41.07	-95.55	655	48
41.14	-8.41	655	46
41.59	-87.54	655	91
51.50	-8.29	655	27
28.26	-81.19	655	21
35.38	-0.37	655	32
48.43	2.23	655	68
34.47	135.27	655	33
60.12	11.05	655	23
51.12	2.52	655	46
44.34	26.06	655	59
12.21	-1.31	655	40
43.26	-5.50	655	97
18.34	-72.17	655	41
48.43	2.23	655	65
40.05	116.36	655	42
-31.56	115.58	655	82
4.52	7.02	655	20
37.08	-76.30	655	45
39.52	-75.15	655	77
33.26	-112.01	655	46
55.52	-4.26	655	70
46.35	0.18	655	95
40.30	-80.14	655	69
-5.15	39.49	655	43
39.33	2.44	655	43
38.10	13.06	655	15
11.33	104.51	655	30
36.49	11.58	655	81
-9.27	147.13	655	94
10.36	-61.21	655	50
9.05	-79.23	655	85
50.06	14.16	655	11
43.41	10.24	655	69
42.26	14.11	655	97
16.16	-61.32	655	41
9.03	-79.24	655	29
43.23	-0.25	655	23
45.39	12.12	655	23
31.37	-8.03	655	78
34.03	-6.45	655	44
-8.08	-34.55	655	69
38.04	15.39	655	79
64.08	-21.57	655	23
16.54	96.09	655	57
49.19	4.03	655	37
36.23	28.07	655	52
-29.43	-53.42	655	84
-22.50	-43.15	655	89
45.13	14.35	655	84
44.01	12.37	655	91
48.04	-1.44	655	61
6.14	-10.22	655	49
41.49	12.15	655	24
14.10	145.15	655	60
-32.55	-60.47	655	45
51.57	4.26	655	51
24.42	46.44	655	12
33.37	73.06	655	88
6.30	-58.15	655	71
15.29	44.13	655	6
13.42	-89.07	655	83
32.44	-117.11	655	22
-23.00	-47.08	655	93
29.32	-98.28	655	60
-17.56	31.06	655	33
48.31	-24.80	655	94
-33.23	-70.47	655	3
42.54	-8.25	655	60
33.14	44.14	655	11
18.26	-69.40	655	6
47.27	-122.18	655	19
27.00	14.27	655	96
37.33	126.48	655	73
51.34	0.42	655	22
-4.40	55.31	655	25
37.37	-122.23	655	66
31.12	121.20	655	56
25.21	55.24	655	78
16.45	-22.57	655	46
1.21	103.54	655	27
37.22	-121.56	655	85
43.49	18.20	655	73
9.58	-84.16	655	80
9.59	-84.12	655	51
18.26	-66.01	655	52
40.31	22.58	655	11
41.58	21.38	655	32
40.53	-111.57	655	72
36.58	-25.10	655	74
52.42	-8.55	655	33
42.42	23.24	655	44
43.32	16.18	655	96
-12.54	-38.20	655	40
38.45	-90.22	655	88
51.33	0.14	655	49
59.39	17.55	655	11
48.41	9.13	655	7
38.54	16.15	655	22
58.53	5.38	655	78
55.58	37.25	655	99
37.26	-5.54	655	26
48.32	7.38	655	83
52.22	13.30	655	67
-33.56	151.10	655	89
29.33	52.36	655	10
47.48	13.00	655	5
40.31	17.24	655	58
41.19	69.24	655	94
28.29	-16.20	655	58
38.31	-28.43	655	32
43.11	0.00	655	81
28.29	-16.20	655	89
14.02	-87.14	655	53
52.29	13.24	655	25
35.41	51.19	655	99
41.20	19.47	655	56
32.40	13.09	655	41
43.37	1.23	655	31
32.01	34.53	655	5
22.49	5.27	655	71
0.23	6.43	655	56
35.43	-5.55	655	44
-18.48	47.29	655	17
33.56	8.06	655	13
-24.42	-53.42	655	42
25.04	121.33	655	89
37.55	12.29	655	27
51.23	-2.43	655	91
45.12	7.39	655	9
45.50	13.28	655	91
45.39	12.12	655	82
47.26	0.43	655	42
36.18	-95.52	655	96
36.51	10.14	655	86
52.34	13.18	655	20
35.33	139.46	655	68
35.54	-83.53	655	41
40.62	13.11	655	93
-0.08	-78.29	655	12
12.41	101.01	655	44
13.45	-60.57	655	7
44.55	4.58	655	38
43.14	27.49	655	55
45.30	12.21	655	76
-23.00	-47.08	655	70
48.07	16.33	655	47
39.29	-0.29	655	55
41.42	-4.51	655	48
45.24	10.53	655	2
38.57	-77.27	655	61
52.10	20.58	655	64
36.45	-6.04	655	81
53.19	-113.35	655	59
44.53	-63.31	655	76
45.41	-74.02	655	33
45.19	-75.40	655	97
46.48	-71.24	655	15
42.16	-82.58	655	38
48.57	-54.34	655	28
45.28	-73.44	655	28
49.11	-123.10	655	23
49.55	-97.14	655	61
51.07	-114.01	655	62
47.37	-52.45	655	13
43.41	-79.38	655	31
44.06	15.21	655	10
45.45	16.04	655	29
41.40	-1.03	655	31
-6.13	39.13	655	26
47.28	8.33	655	94
51.33	0.14	655	46
24.58	91.53	655	98
