4461	20		
5639	6909	14025	14
5652	6142	14025	88
5654	6101	14025	47
5659	6910	14025	12
5659	6920	14025	82
5661	6182	14025	96
5663	6830	14025	88
5669	6213	14025	13
5670	6425	14025	87
5671	6870	14025	41
5673	6132	14025	23
5682	6840	14025	45
5690	6891	14025	18
5694	6801	14025	9
5698	6265	14025	4
5698	6952	14025	53
5701	6184	14025	24
5701	6407	14025	19
5712	6154	14025	50
5716	6296	14025	38
5720	6438	14025	35
5722	6397	14025	65
5722	6873	14025	28
5730	6458	14025	8
5731	6893	14025	86
5736	6317	14025	82
5737	6064	14025	57
5738	6034	14025	30
5738	6267	14025	95
5740	5984	14025	62
5741	6206	14025	71
5741	6418	14025	41
5744	6368	14025	65
5744	6823	14025	33
5746	6783	14025	84
5748	6490	14025	80
5748	6965	14025	19
5749	6944	14025	59
5750	6227	14025	42
5756	6308	14025	27
5758	6733	14025	16
5761	6440	14025	9
5762	6187	14025	21
5763	6389	14025	48
5774	6127	14025	54
5776	6319	14025	77
5776	6774	14025	10
5777	6289	14025	78
5779	6026	14025	28
5780	6916	14025	44
5783	6168	14025	48
5784	6137	14025	56
5788	6744	14025	67
5789	6249	14025	100
5790	5996	14025	3
5797	6077	14025	97
5799	6482	14025	77
5799	6957	14025	98
5800	6472	14025	52
5802	6411	14025	77
5804	6836	14025	48
5805	6350	14025	56
5806	6563	14025	56
5808	6047	14025	15
5810	6229	14025	87
5813	6159	14025	18
5817	6311	14025	23
5818	6988	14025	47
5820	6472	14025	85
5822	6200	14025	69
5822	6432	14025	44
5822	6877	14025	11
5825	6594	14025	44
5827	6089	14025	8
5829	6726	14025	14
5833	6392	14025	99
5833	6635	14025	6
5838	6281	14025	59
5840	6948	14025	22
5841	6686	14025	48
5842	6665	14025	93
5844	6160	14025	10
5846	6807	14025	77
5847	6544	14025	2
5847	6999	14025	27
5848	6049	14025	32
5850	6251	14025	61
5851	6919	14025	11
5853	6413	14025	71
5855	6120	14025	58
5859	6272	14025	12
5860	6009	14025	13
5860	6484	14025	74
5861	6687	14025	15
5863	6869	14025	90
5864	6616	14025	99
5867	6090	14025	88
5867	7010	14025	43
5872	6909	14025	27
5873	6171	14025	24
5874	6151	14025	23
5876	6333	14025	5
5878	6768	14025	5
5879	6738	14025	42
5879	6970	14025	82
5884	6394	14025	94
5890	6253	14025	51
5890	6718	14025	78
5891	6000	14025	43
5892	6668	14025	29
5893	6880	14025	4
5895	6840	14025	13
5896	6122	14025	94
5897	6324	14025	87
5898	6304	14025	67
5900	6496	14025	99
5902	5971	14025	60
5902	6911	14025	36
5905	6365	14025	77
5905	6618	14025	3
5906	7042	14025	46
5908	6759	14025	69
5908	7002	14025	96
5909	6042	14025	71
5910	6264	14025	9
5911	6941	14025	39
5912	6456	14025	17
5913	6891	14025	53
5914	6163	14025	73
5917	6568	14025	42
5920	6022	14025	75
5928	6083	14025	63
5932	6225	14025	21
5939	6983	14025	29
5940	6275	14025	3
5940	6953	14025	23
5941	6245	14025	75
5944	6185	14025	59
5945	5922	14025	37
5945	6144	14025	3
5946	6367	14025	20
5947	7034	14025	16
5949	6296	14025	92
5949	6529	14025	38
5953	6195	14025	46
5956	6832	14025	23
5957	6114	14025	55
5959	6064	14025	76
5961	6479	14025	49
5961	6944	14025	51
5962	6923	14025	68
5963	6438	14025	50
5963	6671	14025	54
5964	6418	14025	33
5964	6651	14025	10
5965	7095	14025	6
5966	6610	14025	27
5968	7025	14025	27
5973	6894	14025	91
5975	6388	14025	12
5975	6398	14025	86
5977	5873	14025	99
5977	6803	14025	97
5978	6783	14025	35
5980	6742	14025	25
5981	6712	14025	77
5981	6945	14025	71
5982	6004	14025	5
5984	5964	14025	26
5984	7117	14025	12
5986	6844	14025	65
5986	7076	14025	66
5989	5833	14025	84
5990	6975	14025	58
5991	6247	14025	36
5997	5884	14025	15
5997	7036	14025	50
5998	6096	14025	43
6004	5965	14025	93
6009	6996	14025	27
6010	6289	14025	93
6011	6723	14025	77
6012	6926	14025	26
6015	6178	14025	74
6016	6147	14025	39
6017	6360	14025	74
6019	5854	14025	42
6019	6552	14025	65
6019	7007	14025	66
6020	6977	14025	21
6023	6906	14025	83
6024	6663	14025	30
6025	5935	14025	64
6026	6603	14025	55
6028	6107	14025	97
6029	6785	14025	54
6031	6047	14025	75
6031	6259	14025	22
6033	6229	14025	23
6034	6209	14025	100
6035	6168	14025	1
6036	7078	14025	75
6041	5805	14025	90
6041	6502	14025	44
6041	6735	14025	89
6042	6017	14025	97
6042	6472	14025	77
6045	6179	14025	1
6046	5916	14025	76
6046	6856	14025	62
6052	6938	14025	68
6054	6200	14025	6
6055	6422	14025	89
6058	6351	14025	80
6060	6058	14025	22
6060	6523	14025	7
6062	6483	14025	56
6063	6453	14025	61
6065	5957	14025	20
6065	6645	14025	93
6068	6817	14025	11
6070	6999	14025	6
6071	6736	14025	71
6074	6666	14025	36
6076	6403	14025	37
6076	6615	14025	90
6076	7090	14025	39
6077	6372	14025	81
6077	9153	14025	76
6078	5887	14025	79
6078	6110	14025	64
6080	5847	14025	20
6081	5817	14025	40
6081	6969	14025	33
6082	5796	14025	56
6085	6423	14025	57
6086	6868	14025	10
6087	6150	14025	54
6088	6130	14025	44
6089	6322	14025	57
6090	6777	14025	78
6093	6474	14025	26
6094	5989	14025	19
6097	7071	14025	67
6098	6808	14025	88
6102	6950	14025	28
6105	6424	14025	74
6106	6394	14025	52
6106	7102	14025	13
6108	5899	14025	41
6109	6091	14025	19
6110	7011	14025	19
6111	6050	14025	39
6111	6293	14025	69
6114	5767	14025	28
6114	5990	14025	72
6115	6667	14025	7
6116	6637	14025	51
6116	9195	14025	66
6117	6607	14025	98
6118	9144	14025	39
6120	5859	14025	1
6120	6536	14025	40
6121	6759	14025	2
6122	6506	14025	21
6123	6253	14025	30
6123	6708	14025	88
6124	7608	14025	94
6126	5940	14025	61
6126	6172	14025	26
6127	6850	14025	89
6128	7527	14025	13
6131	6991	14025	98
6133	6951	14025	92
6134	5758	14025	16
6135	6901	14025	62
6135	9206	14025	52
6136	7103	14025	15
6139	6335	14025	17
6141	6072	14025	67
6141	6304	14025	74
6141	9064	14025	72
6142	6042	14025	52
6142	7659	14025	32
6143	6476	14025	58
6143	7639	14025	22
6145	9671	14025	50
6146	5708	14025	53
6146	7579	14025	77
6147	5931	14025	81
6147	6628	14025	93
6147	7073	14025	4
6148	6841	14025	7
6149	7498	14025	61
6150	6325	14025	23
6150	6548	14025	79
6151	5840	14025	59
6153	5800	14025	36
6154	6689	14025	10
6154	7144	14025	48
6155	5982	14025	10
6156	7346	14025	20
6158	5901	14025	20
6158	9601	14025	76
6159	5648	14025	64
6159	6113	14025	51
6160	6791	14025	99
6161	6295	14025	47
6161	7468	14025	49
6162	6508	14025	93
6164	6457	14025	96
6166	6892	14025	87
6166	7114	14025	78
6167	7327	14025	69
6169	7034	14025	99
6172	6053	14025	7
6172	6973	14025	50
6173	9258	14025	32
6174	6458	14025	41
6174	7165	14025	89
6176	5730	14025	65
6176	5962	14025	45
6176	7580	14025	12
6176	9662	14025	40
6177	6862	14025	23
6177	7550	14025	15
6177	9167	14025	77
6180	6802	14025	41
6181	5841	14025	57
6181	7459	14025	86
6182	6519	14025	59
6182	6751	14025	91
6183	9046	14025	56
6184	5781	14025	5
6185	6903	14025	30
6185	8520	14025	46
6186	6428	14025	8
6187	6397	14025	32
6189	6590	14025	30
6189	7277	14025	55
6190	5862	14025	31
6190	6327	14025	65
6190	6559	14025	85
6190	9562	14025	16
6191	7237	14025	57
6193	6964	14025	69
6193	7661	14025	75
6196	6651	14025	28
6196	9198	14025	18
6199	5670	14025	88
6199	7055	14025	60
6200	7500	14025	95
6201	6782	14025	24
6201	9320	14025	100
6202	7450	14025	56
6204	6247	14025	96
6204	7409	14025	79
6204	9724	14025	19
6206	9674	14025	16
6207	6166	14025	57
6208	6853	14025	20
6209	8441	14025	77
6209	9361	14025	27
6210	5863	14025	57
6210	9108	14025	39
6211	7005	14025	22
6212	6297	14025	25
6213	5802	14025	11
6213	6955	14025	65
6215	5984	14025	92
6215	6692	14025	6
6215	7602	14025	81
6217	5701	14025	50
6217	5944	14025	59
6217	7329	14025	25
6217	7571	14025	18
6218	6621	14025	63
6218	7531	14025	72
6219	5903	14025	7
6219	9604	14025	63
6223	6490	14025	9
6224	7643	14025	74
6225	8532	14025	65
6225	9230	14025	7
6227	7107	14025	70
6228	9159	14025	73
6232	9068	14025	100
6233	5803	14025	34
6233	7431	14025	18
6234	5793	14025	22
6234	6723	14025	77
6234	6935	14025	57
6235	6460	14025	42
6236	6430	14025	61
6236	7138	14025	97
6238	6390	14025	80
6239	6834	14025	70
6239	7057	14025	63
6239	7522	14025	1
6240	9807	14025	20
6241	5854	14025	37
6241	6774	14025	17
6241	9089	14025	6
6245	6218	14025	91
6245	8553	14025	71
6245	8998	14025	53
6246	7360	14025	81
6247	9190	14025	22
6248	8483	14025	46
6249	5672	14025	17
6249	6137	14025	4
6249	6380	14025	21
6250	6582	14025	49
6250	9362	14025	80
6250	9595	14025	92
6251	6552	14025	20
6251	7017	14025	46
6252	8392	14025	24
6253	6047	14025	49
6253	6279	14025	69
6254	6249	14025	70
6256	5966	14025	75
6256	6663	14025	3
6256	9686	14025	53
6257	6411	14025	50
6258	6623	14025	59
6258	7563	14025	78
6259	5915	14025	94
6259	8463	14025	44
6262	6997	14025	33
6262	9535	14025	95
6262	9545	14025	1
6263	6057	14025	10
6263	9050	14025	50
6266	6219	14025	96
6266	7604	14025	95
6267	5946	14025	78
6269	9838	14025	48
6270	7038	14025	68
6270	7513	14025	62
6270	9596	14025	35
6272	5835	14025	24
6272	9768	14025	8
6273	8363	14025	34
6273	9293	14025	34
6274	6715	14025	13
6275	5997	14025	56
6276	6907	14025	3
6277	6199	14025	40
6277	7119	14025	92
6277	7342	14025	73
6277	8979	14025	32
6277	9424	14025	50
6278	5694	14025	26
6278	9182	14025	58
6280	6584	14025	48
6280	7271	14025	14
6280	9141	14025	6
6281	6341	14025	44
6282	7463	14025	8
6282	8393	14025	74
6283	7433	14025	80
6283	9061	14025	44
6285	8565	14025	83
6285	9010	14025	13
6285	9253	14025	7
6286	6675	14025	59
6287	8515	14025	48
6287	9667	14025	81
6288	6169	14025	27
6288	7099	14025	75
6289	5684	14025	62
6289	6382	14025	21
6289	8464	14025	40
6291	6786	14025	94
6292	6089	14025	11
6292	6999	14025	68
6293	7666	14025	24
6294	6038	14025	76
6295	6483	14025	78
6295	8323	14025	99
6295	9476	14025	92
6296	7605	14025	53
6298	9415	14025	2
6299	6150	14025	51
6299	7535	14025	2
6300	5887	14025	72
6300	6817	14025	92
6302	6534	14025	49
6302	7242	14025	63
6306	6443	14025	15
6306	8991	14025	43
6311	7040	14025	18
6312	9325	14025	58
6313	6757	14025	91
6313	9527	14025	10
6314	9284	14025	6
6315	8567	14025	65
6317	5968	14025	14
6317	6191	14025	31
6317	6888	14025	47
6317	7353	14025	69
6317	9436	14025	99
6318	7556	14025	78
6318	8263	14025	7
6319	6383	14025	74
6320	5898	14025	19
6320	6595	14025	2
6320	8445	14025	32
6320	9143	14025	51
6320	9841	14025	4
6321	6333	14025	38
6322	7485	14025	42
6322	9093	14025	17
6323	6757	14025	33
6323	6980	14025	45
6323	8152	14025	43
6324	6262	14025	4
6324	8587	14025	39
6325	6717	14025	25
6326	6222	14025	91
6326	7607	14025	54
6327	8294	14025	8
6328	7334	14025	90
6329	6626	14025	40
6329	7091	14025	10
6331	6576	14025	80
6331	9346	14025	59
6332	7010	14025	8
6332	9801	14025	12
6333	9770	14025	4
6334	8133	14025	37
6334	8355	14025	5
6335	9497	14025	76
6338	5949	14025	2
6338	6404	14025	15
6339	5919	14025	41
6339	6151	14025	70
6339	9872	14025	16
6340	7536	14025	74
6340	9619	14025	99
6341	9589	14025	41
6342	5868	14025	55
6342	6556	14025	80
6342	6778	14025	46
6343	8143	14025	34
6344	7193	14025	17
6344	7668	14025	44
6346	5990	14025	67
6346	9478	14025	37
6348	6415	14025	20
6349	8952	14025	65
6350	7072	14025	76
6351	6819	14025	47
6352	6324	14025	78
6352	8416	14025	97
6353	5829	14025	70
6353	8609	14025	93
6353	9316	14025	22
6354	6041	14025	52
6355	6961	14025	94
6356	6688	14025	4
6356	7386	14025	85
6357	7143	14025	76
6357	7375	14025	73
6357	7608	14025	65
6357	8518	14025	37
6357	8528	14025	22
6358	8265	14025	13
6358	9205	14025	1
6359	8023	14025	37
6359	9165	14025	74
6360	5900	14025	76
6360	8922	14025	6
6361	9357	14025	53
6362	7264	14025	41
6362	8184	14025	83
6362	9114	14025	77
6364	7669	14025	69
6365	6254	14025	79
6367	8983	14025	55
6367	9216	14025	82
6368	6891	14025	67
6368	9438	14025	17
6369	6628	14025	16
6370	6365	14025	40
6370	7063	14025	31
6370	7770	14025	78
6371	8427	14025	11
6373	7235	14025	24
6373	7467	14025	11
6373	9075	14025	95
6375	9044	14025	35
6376	8327	14025	97
6376	9712	14025	26
6377	6921	14025	30
6377	7376	14025	82
6378	6183	14025	19
6380	6153	14025	50
6380	7993	14025	93
6380	8458	14025	3
6380	9398	14025	32
6380	9621	14025	53
6381	5900	14025	7
6381	6345	14025	84
6381	6598	14025	79
6382	7720	14025	55
6382	7963	14025	63
6383	7013	14025	95
6384	9540	14025	56
6385	8115	14025	83
6386	7852	14025	54
6389	8944	14025	1
6392	6093	14025	41
6392	6113	14025	25
6392	6326	14025	7
6392	6791	14025	40
6393	5850	14025	89
6393	9328	14025	14
6393	9793	14025	94
6395	6275	14025	94
6395	7650	14025	98
6395	9055	14025	18
6396	8338	14025	20
6396	8570	14025	58
6396	9480	14025	39
6397	6912	14025	38
6397	8540	14025	66
6398	7124	14025	55
6399	8479	14025	56
6399	9652	14025	80
6400	6609	14025	64
6400	9167	14025	77
6401	7276	14025	90
6401	9834	14025	12
6402	6569	14025	43
6402	9126	14025	98
6404	6053	14025	99
6404	6993	14025	3
6404	7913	14025	20
6406	6478	14025	48
6406	6720	14025	94
6407	6225	14025	16
6407	7620	14025	38
6407	8065	14025	69
6407	9005	14025	77
6408	5972	14025	16
6408	7357	14025	43
6408	7833	14025	46
6408	8288	14025	16
6409	7095	14025	81
6410	7772	14025	57
6411	6822	14025	33
6411	7519	14025	76
6412	8429	14025	86
6414	6751	14025	45
6414	7226	14025	99
6415	5811	14025	97
6415	7196	14025	75
6415	7418	14025	72
6416	8096	14025	86
6416	9491	14025	20
6418	8510	14025	22
6419	6175	14025	28
6420	9855	14025	97
6423	7712	14025	54
6424	6307	14025	45
6424	8389	14025	55
6425	7894	14025	24
6426	9714	14025	88
6427	6236	14025	12
6427	9229	14025	98
6429	7803	14025	59
6431	6135	14025	56
6431	9370	14025	51
6431	9613	14025	71
6432	5882	14025	57
6432	6802	14025	16
6433	6095	14025	38
6433	7025	14025	63
6434	9320	14025	96
6437	7146	14025	34
6438	6914	14025	51
6438	7369	14025	20
6438	8066	14025	41
6438	9674	14025	88
6439	5954	14025	76
6439	6419	14025	36
6439	8279	14025	71
6439	8966	14025	86
6440	8006	14025	8
6441	6368	14025	84
6441	6611	14025	33
6441	9846	14025	27
6442	7743	14025	91
6442	7966	14025	72
6442	8208	14025	92
6442	9128	14025	36
6443	5863	14025	21
6443	8168	14025	93
6443	9108	14025	34
6446	8582	14025	25
6447	6004	14025	18
6448	7127	14025	77
6448	8532	14025	46
6448	8997	14025	58
6450	7561	14025	64
6450	8239	14025	79
6450	9401	14025	97
6452	6813	14025	19
6453	7026	14025	81
6453	7491	14025	58
6454	6308	14025	44
6454	8623	14025	34
6455	6520	14025	82
6456	6035	14025	88
6456	6268	14025	75
6456	8340	14025	63
6457	6692	14025	95
6457	7855	14025	13
6457	8553	14025	72
6458	6450	14025	11
6458	7612	14025	23
6459	6885	14025	88
6459	8280	14025	15
6460	5924	14025	37
6460	7329	14025	58
6461	7067	14025	51
6464	9321	14025	15
6465	5823	14025	75
6465	6986	14025	8
6466	6733	14025	89
6466	7188	14025	70
6466	9513	14025	22
6467	6470	14025	22
6469	8502	14025	52
6470	6622	14025	5
6471	6137	14025	22
6471	6835	14025	72
6472	7744	14025	82
6472	9605	14025	34
6473	6562	14025	33
6475	9534	14025	3
6477	6936	14025	3
6477	7168	14025	35
6477	7401	14025	64
6477	8088	14025	88
6479	6188	14025	67
6479	7118	14025	52
6479	7826	14025	97
6480	7330	14025	89
6481	6855	14025	96
6481	8240	14025	5
6482	8432	14025	80
6482	8897	14025	80
6483	8190	14025	73
6484	5844	14025	7
6484	6309	14025	91
6484	7229	14025	30
6484	7694	14025	35
6485	6512	14025	17
6485	9302	14025	1
6486	8119	14025	94
6488	6906	14025	43
6488	7614	14025	32
6488	8999	14025	18
6488	9241	14025	98
6488	9454	14025	6
6491	6380	14025	79
6492	7513	14025	25
6493	6108	14025	71
6493	9575	14025	80
6494	9788	14025	39
6496	6037	14025	56
6496	6047	14025	17
6496	8585	14025	82
6497	6472	14025	95
6498	6684	14025	32
6498	8544	14025	41
6499	5976	14025	16
6499	8514	14025	88
6500	7341	14025	79
6500	7806	14025	62
6500	8029	14025	83
6501	9394	14025	68
6503	5886	14025	14
6503	9343	14025	52
6504	6775	14025	77
6506	9050	14025	57
6506	9283	14025	63
6507	7645	14025	99
6507	9717	14025	14
6510	6169	14025	19
6510	6422	14025	61
6510	9192	14025	30
6511	5936	14025	28
6511	6846	14025	3
6511	8464	14025	29
6512	6129	14025	14
6512	7069	14025	67
6513	7028	14025	29
6513	8424	14025	67
6514	6088	14025	5
6514	6553	14025	19
6514	7008	14025	51
6514	7948	14025	72
6514	9101	14025	39
6515	6523	14025	93
6515	7453	14025	32
6516	7898	14025	8
6516	8585	14025	63
6517	5795	14025	56
6517	8565	14025	43
6518	6928	14025	38
6518	8313	14025	34
6519	6442	14025	71
6519	9667	14025	67
6520	5957	14025	70
6521	8929	14025	12
6522	7757	14025	40
6523	6109	14025	21
6525	6291	14025	10
6525	7686	14025	42
6526	9526	14025	8
6527	6716	14025	72
6527	7181	14025	79
6528	5998	14025	16
6528	6240	14025	36
6528	7626	14025	15
6528	7848	14025	68
6529	5735	14025	50
6529	5755	14025	81
6529	6898	14025	72
6529	8980	14025	46
6530	7575	14025	21
6530	9648	14025	97
6531	9860	14025	53
6532	5907	14025	20
6532	6827	14025	31
6532	8212	14025	58
6533	9132	14025	16
6533	9597	14025	90
6535	6989	14025	100
6535	8384	14025	13
6536	5806	14025	11
6538	8091	14025	71
6540	6656	14025	11
6540	7808	14025	62
6541	6393	14025	14
6541	7090	14025	2
6541	7323	14025	89
6542	6605	14025	79
6543	6352	14025	52
6544	7485	14025	88
6545	9557	14025	88
6546	8142	14025	85
6546	9759	14025	57
6548	6009	14025	43
6548	9244	14025	52
6549	5979	14025	83
6550	8051	14025	56
6551	5928	14025	44
6551	9173	14025	79
6552	8456	14025	60
6553	6575	14025	99
6553	7980	14025	31
6554	8173	14025	87
6554	8880	14025	90
6555	5847	14025	60
6555	6070	14025	16
6555	9325	14025	49
6556	9052	14025	34
6558	6464	14025	47
6559	5757	14025	86
6559	6687	14025	99
6559	6899	14025	41
6560	6191	14025	66
6561	9871	14025	36
6561	9881	14025	47
6562	7758	14025	15
6563	6808	14025	64
6565	7465	14025	56
6565	7708	14025	81
6565	8395	14025	78
6565	8618	14025	33
6566	6525	14025	16
6566	6748	14025	62
6566	6980	14025	29
6566	9528	14025	80
6567	6252	14025	23
6567	8578	14025	51
6567	8820	14025	30
6568	6930	14025	52
6568	8315	14025	49
6569	7152	14025	18
6569	9457	14025	37
6570	6434	14025	89
6572	7082	14025	21
6572	7314	14025	52
6572	8012	14025	84
6573	5889	14025	59
6573	7041	14025	74
6573	7516	14025	59
6573	9134	14025	43
6573	9609	14025	81
6574	7253	14025	23
6574	9569	14025	77
6575	9316	14025	86
6576	7921	14025	44
6577	6960	14025	87
6577	7203	14025	56
6577	7880	14025	42
6578	6020	14025	80
6578	7638	14025	100
6578	9255	14025	19
6579	6212	14025	87
6580	7345	14025	96
6580	8285	14025	91
6581	5950	14025	3
6581	7790	14025	81
6581	9640	14025	7
6582	6162	14025	41
6583	6354	14025	66
6583	9144	14025	21
6583	9842	14025	30
6584	6566	14025	55
6584	8417	14025	14
6585	7001	14025	88
6587	6728	14025	47
6587	8589	14025	79
6588	7396	14025	87
6589	5758	14025	80
6589	9003	14025	98
6590	7578	14025	31
6590	7820	14025	27
6590	9205	14025	47
6591	6405	14025	10
6591	6880	14025	97
6591	8023	14025	10
6596	6304	14025	16
6596	8619	14025	97
6596	8832	14025	3
6596	9297	14025	37
6597	5809	14025	66
6597	7659	14025	48
6597	9752	14025	100
6599	6456	14025	30
6599	6678	14025	57
6599	7851	14025	23
6599	9701	14025	94
6600	6436	14025	38
6600	6901	14025	58
6600	8518	14025	72
6601	6638	14025	28
6602	6153	14025	65
6602	7093	14025	45
6602	8235	14025	6
6604	7740	14025	5
6605	8640	14025	21
6605	8872	14025	41
6605	9792	14025	59
6606	8377	14025	37
6607	6497	14025	65
6607	8134	14025	5
6608	6244	14025	49
6608	7417	14025	49
6608	8104	14025	37
6609	5991	14025	16
6609	8317	14025	44
6611	7336	14025	63
6612	7781	14025	9
6612	9621	14025	10
6613	6598	14025	70
6613	7983	14025	20
6614	7730	14025	43
6615	6083	14025	5
6615	6548	14025	26
6616	7458	14025	65
6616	7923	14025	55
6617	6275	14025	42
6617	6730	14025	35
6617	7892	14025	44
6617	9520	14025	53
6618	6012	14025	21
6619	8539	14025	72
6620	6912	14025	78
6620	7144	14025	3
6620	7367	14025	52
6620	7832	14025	22
6621	6881	14025	94
6621	8954	14025	23
6622	6164	14025	57
6622	7549	14025	29
6622	8469	14025	45
6622	9864	14025	89
6623	6841	14025	73
6623	7064	14025	20
6624	9369	14025	78
6625	7256	14025	86
6625	8631	14025	45
6626	9075	14025	36
6626	9308	14025	13
6627	9278	14025	15
6628	7873	14025	27
6630	6205	14025	99
6631	8277	14025	74
6631	9197	14025	9
6632	9632	14025	59
6634	8429	14025	1
6635	6326	14025	99
6635	9116	14025	74
6635	9571	14025	93
6636	6306	14025	21
6636	8854	14025	93
6637	6043	14025	4
6637	8358	14025	64
6638	6963	14025	98
6638	7408	14025	83
6638	9966	14025	75
6639	9713	14025	72
6640	7600	14025	63
6640	8308	14025	80
6640	8995	14025	34
6642	6852	14025	33
6643	7994	14025	29
6644	6124	14025	14
6644	6357	14025	10
6644	6812	14025	32
6644	7044	14025	24
6645	6326	14025	7
6646	6761	14025	18
6647	9531	14025	57
6649	7631	14025	28
6651	6428	14025	72
6651	7125	14025	87
6653	7773	14025	39
6653	8470	14025	11
6654	7510	14025	58
6654	7752	14025	1
6654	8895	14025	4
6655	8652	14025	50
6657	6742	14025	5
6657	7682	14025	18
6657	8612	14025	49
6659	6711	14025	52
6660	9916	14025	68
6661	6651	14025	95
6661	8511	14025	25
6663	6610	14025	43
6663	6843	14025	11
6663	7308	14025	20
6663	9633	14025	3
6664	7278	14025	25
6664	8430	14025	98
6664	9370	14025	9
6665	7712	14025	2
6666	9775	14025	20
6667	6995	14025	58
6667	8147	14025	11
6667	9997	14025	72
6668	6489	14025	13
6669	6004	14025	38
6669	8562	14025	82
6669	9259	14025	99
6670	6216	14025	98
6670	6459	14025	65
6670	7146	14025	39
6670	9472	14025	30
6670	9684	14025	65
6671	7581	14025	99
6672	8956	14025	87
6673	8238	14025	55
6674	7046	14025	64
6674	7521	14025	94
6674	9826	14025	50
6675	6793	14025	71
6676	8623	14025	84
6677	6065	14025	97
6677	7440	14025	11
6677	7905	14025	30
6678	6035	14025	16
6678	6732	14025	63
6678	9058	14025	25
6680	7834	14025	68
6681	6894	14025	33
6682	6176	14025	5
6683	9169	14025	78
6684	7299	14025	34
6685	6581	14025	49
6685	8886	14025	63
6688	6278	14025	31
6688	8825	14025	71
6689	6005	14025	30
6689	7178	14025	83
6689	9725	14025	18
6690	7845	14025	99
6691	7370	14025	51
6691	8512	14025	20
6691	9442	14025	35
6692	7794	14025	59
6692	8967	14025	62
6693	8239	14025	68
6693	8694	14025	58
6694	7511	14025	2
6695	6804	14025	79
6696	8856	14025	2
6697	7916	14025	66
6700	6683	14025	89
6700	8310	14025	46
6701	7593	14025	56
6704	6137	14025	31
6704	7765	14025	37
6704	8442	14025	35
6704	8917	14025	27
6705	6107	14025	76
6705	7047	14025	44
6706	6087	14025	84
6706	10019	14025	35
6707	8624	14025	19
6708	9049	14025	74
6709	7866	14025	85
6710	8543	14025	25
6711	7138	14025	84
6711	9918	14025	11
6712	6410	14025	63
6712	7108	14025	94
6713	5935	14025	86
6713	9635	14025	61
6715	6117	14025	46
6715	9595	14025	81
6716	6562	14025	20
6716	7017	14025	94
6716	9342	14025	50
6717	6754	14025	58
6717	8382	14025	96
6718	6037	14025	64
6718	7209	14025	13
6718	8827	14025	36
6720	6229	14025	12
6720	6471	14025	52
6720	7169	14025	66
6720	8786	14025	83
6720	9484	14025	77
6721	8999	14025	56
6722	8736	14025	35
6723	7088	14025	90
6723	9403	14025	84
6724	7078	14025	6
6725	5895	14025	28
6725	6350	14025	43
6726	7948	14025	52
6727	6300	14025	73
6727	7240	14025	29
6727	7685	14025	61
6727	9788	14025	9
6729	7644	14025	33
6729	7887	14025	5
6730	8554	14025	91
6731	6452	14025	58
6731	6906	14025	85
6732	5956	14025	95
6733	6158	14025	74
6733	7331	14025	58
6733	9171	14025	34
6734	6138	14025	17
6734	7058	14025	96
6734	9151	14025	97
6734	9838	14025	42
6736	7261	14025	56
6737	6543	14025	40
6737	7473	14025	56
6738	6058	14025	38
6738	6967	14025	11
6738	9283	14025	82
6739	6502	14025	4
6739	9727	14025	88
6740	6705	14025	59
6740	6937	14025	68
6740	7857	14025	86
6742	6199	14025	68
6742	7817	14025	76
6743	8252	14025	24
6744	8009	14025	19
6745	7504	14025	79
6746	6786	14025	62
6746	7018	14025	35
6746	9101	14025	68
6746	10041	14025	24
6748	8363	14025	21
6748	9061	14025	38
6749	7190	14025	66
6749	7645	14025	95
6749	9040	14025	88
6750	6250	14025	4
6751	7140	14025	14
6751	8535	14025	40
6752	6655	14025	5
6752	7110	14025	17
6752	7585	14025	23
6752	9425	14025	26
6753	6857	14025	38
6753	9647	14025	13
6754	9859	14025	3
6755	5886	14025	13
6756	7959	14025	1
6756	8889	14025	51
6756	9354	14025	27
6757	6999	14025	85
6757	7696	14025	63
6757	9779	14025	13
6758	6756	14025	69
6759	8121	14025	7
6760	6473	14025	59
6760	8778	14025	23
6760	9253	14025	78
6762	9213	14025	34
6764	5927	14025	29
6764	6837	14025	33
6764	7080	14025	81
6764	8930	14025	83
6764	9627	14025	80
6765	7282	14025	54
6766	9577	14025	37
6767	7929	14025	71
6769	6271	14025	41
6769	7191	14025	28
6769	7434	14025	66
6770	6939	14025	72
6770	7869	14025	72
6770	8324	14025	19
6773	8728	14025	6
6774	6160	14025	20
6774	9395	14025	37
6776	7960	14025	99
6777	6322	14025	52
6777	7020	14025	1
6777	7485	14025	2
6777	8860	14025	28
6778	5837	14025	92
6779	8354	14025	46
6780	9962	14025	48
6781	8779	14025	55
6782	9669	14025	93
6783	7343	14025	73
6783	7798	14025	21
6783	8274	14025	12
6783	8486	14025	82
6784	7556	14025	6
6785	6595	14025	83
6785	9153	14025	33
6786	8658	14025	25
6786	9345	14025	72
6786	9810	14025	79
6787	7708	14025	21
6788	6060	14025	50
6788	9072	14025	50
6789	6040	14025	73
6790	6009	14025	6
6790	7415	14025	29
6790	8567	14025	23
6791	6697	14025	45
6791	7162	14025	40
6791	8547	14025	23
6792	5979	14025	16
6792	9912	14025	98
6794	7324	14025	79
6795	6141	14025	73
6797	6545	14025	48
6797	8396	14025	50
6798	7920	14025	24
6799	7435	14025	66
6799	8588	14025	83
6800	7648	14025	91
6800	8113	14025	68
6800	8790	14025	26
6800	9720	14025	38
6801	9467	14025	82
6802	6434	14025	7
6802	6899	14025	28
6803	6657	14025	5
6804	5939	14025	100
6804	6617	14025	7
6805	6131	14025	58
6805	7991	14025	29
6805	8922	14025	83
6806	7051	14025	91
6806	7274	14025	92
6807	9114	14025	83
6807	10034	14025	77
6808	6303	14025	96
6808	7223	14025	82
6809	7203	14025	47
6809	9296	14025	98
6810	6718	14025	54
6810	8345	14025	75
6810	9023	14025	14
6812	7132	14025	84
6813	6182	14025	55
6815	5899	14025	87
6815	6152	14025	67
6815	6364	14025	17
6817	7476	14025	9
6819	9761	14025	84
6819	9984	14025	97
6821	7618	14025	41
6822	8750	14025	33
6822	8983	14025	89
6824	5940	14025	7
6824	9873	14025	84
6825	8690	14025	77
6826	7962	14025	76
6826	9135	14025	22
6827	5859	14025	73
6827	6557	14025	9
6827	7032	14025	24
6827	8174	14025	67
6828	6769	14025	23
6828	7012	14025	96
6828	8629	14025	49
6829	6294	14025	17
6829	7902	14025	86
6829	8124	14025	36
6829	8377	14025	23
6829	8832	14025	48
6830	7416	14025	31
6830	8801	14025	5
6831	6466	14025	55
6833	7588	14025	92
6833	8053	14025	89
6833	9661	14025	34
6834	7548	14025	89
6835	7305	14025	88
6835	9610	14025	47
6835	9843	14025	18
6836	6123	14025	89
6836	8215	14025	95
6836	8893	14025	78
6838	9085	14025	97
6838	9560	14025	15
6839	6527	14025	45
6840	6254	14025	83
6840	9044	14025	83
6841	9934	14025	6
6842	8771	14025	49
6843	7356	14025	38
6843	8276	14025	78
6843	8519	14025	47
6843	9904	14025	36
6844	8013	14025	77
6844	8478	14025	30
6845	5921	14025	36
6845	6143	14025	79
6845	9388	14025	56
6846	7751	14025	45
6846	8216	14025	50
6846	8681	14025	19
6847	6093	14025	12
6847	7953	14025	74
6848	7013	14025	51
6848	7710	14025	3
6848	10015	14025	31
6849	6052	14025	100
6849	8378	14025	57
6850	6487	14025	61
6850	8570	14025	71
6851	6002	14025	30
6852	6689	14025	16
6852	7599	14025	67
6852	7619	14025	88
6852	7842	14025	61
6853	8752	14025	22
6854	5951	14025	97
6854	9874	14025	95
6855	7316	14025	91
6855	8934	14025	39
6856	6831	14025	32
6856	7064	14025	77
6856	7519	14025	24
6857	6336	14025	34
6857	6801	14025	69
6857	9338	14025	2
6858	6305	14025	86
6858	7478	14025	76
6859	6528	14025	22
6860	6740	14025	97
6862	9237	14025	90
6863	6205	14025	49
6863	6670	14025	2
6864	8257	14025	92
6864	8499	14025	18
6864	8712	14025	25
6866	9834	14025	12
6867	6579	14025	96
6867	7034	14025	9
6867	7266	14025	34
6868	9784	14025	99
6870	7671	14025	88
6872	7155	14025	93
6873	6903	14025	26
6875	6397	14025	76
6875	7085	14025	18
6877	5882	14025	81
6877	8419	14025	58
6879	7216	14025	49
6879	8146	14025	97
6880	7894	14025	87
6881	6246	14025	56
6881	7408	14025	44
6882	6448	14025	76
6882	9471	14025	8
6883	7590	14025	89
6883	8743	14025	2
6884	6408	14025	64
6884	7803	14025	21
6885	5922	14025	64
6885	6610	14025	83
6886	7762	14025	26
6887	7035	14025	34
6888	5862	14025	34
6888	7237	14025	12
6889	6539	14025	46
6889	6762	14025	72
6889	8834	14025	2
6890	6277	14025	99
6890	9512	14025	22
6891	6954	14025	34
6891	9026	14025	81
6892	6469	14025	4
6892	7166	14025	36
6892	8541	14025	94
6893	6216	14025	48
6893	8056	14025	72
6893	8986	14025	24
6894	6418	14025	49
6894	7348	14025	58
6894	8278	14025	37
6894	8956	14025	34
6895	7540	14025	77
6896	6135	14025	39
6896	9158	14025	50
6896	10078	14025	90
6897	8885	14025	26
6897	9583	14025	100
6898	5862	14025	87
6898	7470	14025	15
6899	6985	14025	49
6899	7915	14025	5
6900	8127	14025	97
6900	8370	14025	96
6900	8592	14025	88
6900	9987	14025	23
6901	6722	14025	7
6902	9694	14025	65
6903	5974	14025	99
6904	8259	14025	14
6904	9421	14025	51
6904	9664	14025	4
6906	7056	14025	96
6906	9603	14025	69
6907	6338	14025	64
6907	6358	14025	72
6907	7268	14025	39
6908	7713	14025	87
6908	8410	14025	43
6909	6065	14025	36
6909	10018	14025	73
6910	6520	14025	82
6912	8097	14025	15
6913	6449	14025	54
6913	6914	14025	68
6913	7137	14025	68
6914	9189	14025	8
6915	6389	14025	38
6915	6621	14025	58
6915	6854	14025	78
6916	8451	14025	41
6917	6591	14025	97
6917	7966	14025	51
6917	9119	14025	22
6917	9826	14025	32
6918	7026	14025	52
6918	8178	14025	7
6918	9331	14025	61
6920	7208	14025	3
6920	7430	14025	73
6920	8825	14025	22
6920	9513	14025	47
6921	7885	14025	85
6921	9260	14025	53
6922	6005	14025	83
6922	6227	14025	11
6922	6692	14025	34
6922	8330	14025	27
6923	7380	14025	3
6923	7845	14025	75
6924	9897	14025	33
6925	8027	14025	61
6927	7744	14025	99
6927	10069	14025	8
6929	9776	14025	35
6929	10009	14025	28
6930	7673	14025	85
6931	7178	14025	34
6931	9726	14025	12
6934	7340	14025	72
6935	5945	14025	26
6935	6410	14025	34
6935	7107	14025	99
6935	8260	14025	40
6936	7077	14025	92
6936	8462	14025	92
6937	5905	14025	42
6937	6127	14025	84
6937	7057	14025	40
6939	7472	14025	5
6939	9554	14025	79
6940	8381	14025	45
6941	6491	14025	33
6941	7644	14025	12
6942	6926	14025	85
6942	8088	14025	73
6943	8523	14025	53
6945	6178	14025	15
6945	8948	14025	64
6946	6855	14025	75
6947	7280	14025	16
6948	6330	14025	76
6948	6572	14025	94
6948	9110	14025	3
6949	7229	14025	84
6950	6289	14025	69
6950	8604	14025	12
6951	6259	14025	37
6951	7654	14025	61
6953	6229	14025	72
6953	6674	14025	86
6953	8989	14025	12
6954	7361	14025	56
6955	6633	14025	95
6955	8493	14025	23
6955	9888	14025	2
6956	8231	14025	21
6956	8706	14025	39
6957	6370	14025	57
6959	7695	14025	87
6960	6057	14025	54
6960	8837	14025	62
6961	6957	14025	43
6962	6482	14025	54
6962	7867	14025	27
6962	9960	14025	70
6964	9212	14025	35
6966	6846	14025	69
6967	6128	14025	1
6967	7513	14025	79
6967	7978	14025	28
6967	9849	14025	20
6968	8201	14025	93
6968	8666	14025	34
6969	8393	14025	8
6972	7412	14025	34
6973	5987	14025	16
6973	7625	14025	37
6973	8070	14025	58
6974	7129	14025	70
6975	7342	14025	2
6975	9414	14025	35
6976	7787	14025	30
6976	8929	14025	6
6976	9172	14025	15
6977	7291	14025	44
6980	6988	14025	96
6980	8151	14025	46
6980	9778	14025	52
6981	8131	14025	12
6981	9283	14025	36
6982	6948	14025	34
6983	9708	14025	76
6984	8282	14025	49
6984	8990	14025	73
6986	7555	14025	1
6987	7059	14025	79
6988	6584	14025	78
6988	7039	14025	52
6988	8192	14025	53
6989	6776	14025	58
6989	7019	14025	9
6989	8646	14025	93
6989	9334	14025	91
6990	6524	14025	97
6990	8606	14025	13
6992	7191	14025	79
6992	9041	14025	52
6993	6241	14025	16
6993	8778	14025	78
6993	9698	14025	95
6994	5968	14025	70
6994	6433	14025	79
6994	8060	14025	35
6995	6413	14025	40
6995	9900	14025	71
6997	5907	14025	84
6997	9142	14025	84
6998	5887	14025	76
6998	7747	14025	89
6999	7242	14025	5
6999	7939	14025	55
7000	7697	14025	41
7001	8829	14025	96
7002	7646	14025	29
7002	8566	14025	19
7003	8091	14025	93
7004	7141	14025	40
7005	7818	14025	67
7006	6170	14025	69
7007	6373	14025	22
7007	9395	14025	92
7008	7505	14025	53
7008	9830	14025	95
7009	7727	14025	4
7009	8415	14025	44
7009	8870	14025	71
7010	6535	14025	30
7010	7455	14025	33
7010	8152	14025	33
7010	10002	14025	85
7011	7899	14025	25
7011	8132	14025	59
7012	6494	14025	18
7012	6949	14025	63
7012	8344	14025	65
7013	6696	14025	74
7013	7616	14025	80
7013	9942	14025	39
7014	6666	14025	43
7014	9466	14025	13
7015	6878	14025	79
7015	9436	14025	13
7016	6626	14025	46
7016	7566	14025	57
7016	8021	14025	52
7017	6141	14025	54
7017	6373	14025	54
7017	7303	14025	83
7018	8446	14025	5
7019	7960	14025	91
7020	9083	14025	29
7021	7667	14025	73
7021	9538	14025	10
7022	8587	14025	83
7022	8800	14025	80
7023	7172	14025	84
7024	8759	14025	40
7025	6202	14025	96
7025	6889	14025	97
7025	8274	14025	15
7026	7789	14025	82
7026	8476	14025	53
7026	8709	14025	18
7027	5908	14025	92
7027	7526	14025	43
7027	8224	14025	60
7030	7243	14025	15
7031	6060	14025	11
7031	6748	14025	46
7031	7223	14025	3
7032	6263	14025	62
7032	6970	14025	71
7033	8315	14025	84
7034	5990	14025	38
7034	6455	14025	15
7034	8537	14025	92
7034	9225	14025	70
7035	7132	14025	57
7037	8932	14025	41
7037	9852	14025	86
7038	6586	14025	61
7039	6111	14025	65
7039	9346	14025	26
7040	6313	14025	93
7040	6778	14025	46
7041	9771	14025	47
7042	8113	14025	36
7042	8346	14025	55
7042	9276	14025	57
7042	9731	14025	38
7043	6020	14025	84
7043	6485	14025	73
7045	7365	14025	68
7046	7325	14025	26
7046	7800	14025	22
7046	9417	14025	94
7046	9882	14025	84
7048	7062	14025	75
7048	7982	14025	87
7048	8679	14025	46
7049	6334	14025	86
7049	9579	14025	26
7049	10034	14025	36
7050	7931	14025	20
7052	8589	14025	99
7052	9519	14025	7
7053	6931	14025	28
7053	7638	14025	15
7053	7861	14025	29
7054	6223	14025	96
7054	8993	14025	34
7055	5970	14025	75
7055	8508	14025	61
7055	9913	14025	64
7057	6617	14025	49
7057	8245	14025	37
7058	6132	14025	49
7058	8437	14025	16
7059	7275	14025	70
7059	8195	14025	86
7060	8407	14025	27
7061	6072	14025	81
7061	6294	14025	63
7061	6517	14025	10
7061	6759	14025	46
7062	6264	14025	5
7063	7396	14025	98
7063	9256	14025	45
7064	7609	14025	45
7065	6891	14025	35
7065	8063	14025	37
7065	8741	14025	32
7065	9681	14025	9
7066	5951	14025	79
7067	8013	14025	9
7067	9398	14025	33
7068	7750	14025	98
7069	9813	14025	42
7070	7700	14025	80
7070	8872	14025	2
7071	6062	14025	90
7071	7225	14025	26
7072	8812	14025	90
7072	9752	14025	74
7073	6012	14025	85
7073	9024	14025	5
7073	10187	14025	98
7074	9924	14025	7
7075	6669	14025	69
7075	8761	14025	83
7077	6153	14025	12
7077	6386	14025	56
7077	6861	14025	70
7077	7538	14025	16
7077	10106	14025	9
7078	5901	14025	58
7078	6831	14025	76
7078	9843	14025	27
7079	9126	14025	45
7080	6548	14025	63
7080	9095	14025	89
7081	6993	14025	37
7082	7427	14025	81
7082	9065	14025	87
7082	9298	14025	3
7084	5992	14025	90
7084	6467	14025	33
7084	7154	14025	23
7085	5972	14025	18
7085	6679	14025	37
7085	7377	14025	44
7085	8287	14025	18
7086	7802	14025	99
7086	8499	14025	60
7086	9187	14025	71
7088	9379	14025	45
7089	6578	14025	22
7089	9581	14025	41
7090	6083	14025	80
7090	7013	14025	96
7090	7488	14025	76
7092	6740	14025	55
7092	9996	14025	17
7094	6235	14025	84
7094	8550	14025	75
7094	9945	14025	18
7096	6660	14025	43
7097	8934	14025	24
7097	9642	14025	8
7098	8227	14025	84
7099	8904	14025	99
7099	10057	14025	19
7100	6791	14025	18
7100	9329	14025	75
7101	5841	14025	46
7101	6306	14025	42
7102	6983	14025	99
7102	7913	14025	63
7102	9753	14025	48
7103	7428	14025	52
7104	6013	14025	73
7104	7165	14025	26
7104	9005	14025	52
7106	6185	14025	83
7107	6862	14025	47
7107	7317	14025	28
7108	6610	14025	9
7109	8672	14025	22
7110	8652	14025	31
7111	5841	14025	10
7111	6761	14025	47
7111	10017	14025	49
7112	8136	14025	96
7112	8824	14025	44
7113	9511	14025	34
7114	6933	14025	26
7114	7631	14025	14
7114	7853	14025	99
7115	6671	14025	42
7115	8066	14025	1
7116	10138	14025	98
7117	6640	14025	53
7117	8480	14025	50
7117	8945	14025	14
7118	7530	14025	68
7119	6125	14025	10
7119	7287	14025	18
7121	6549	14025	16
7121	7702	14025	49
7121	9795	14025	34
7122	6064	14025	34
7123	6044	14025	35
7123	7197	14025	19
7124	6711	14025	84
7124	7156	14025	38
7125	9471	14025	84
7126	5963	14025	97
7126	9198	14025	30
7127	6863	14025	5
7129	6813	14025	32
7129	7278	14025	62
7130	5883	14025	55
7130	9118	14025	15
7131	8157	14025	47
7132	6297	14025	45
7132	6985	14025	82
7132	9290	14025	31
7132	9522	14025	14
7134	6944	14025	35
7134	8562	14025	9
7134	9714	14025	66
7135	6216	14025	23
7135	8542	14025	19
7136	7116	14025	92
7136	8279	14025	73
7137	5933	14025	62
7137	6631	14025	37
7138	7773	14025	33
7138	8006	14025	2
7138	8926	14025	24
7138	9159	14025	50
7138	9391	14025	23
7139	6601	14025	55
7140	6328	14025	27
7140	7025	14025	75
7140	8643	14025	44
7142	6753	14025	32
7142	7905	14025	41
7142	8613	14025	52
7143	6045	14025	78
7143	6500	14025	73
7143	8805	14025	60
7146	6894	14025	27
7146	8987	14025	39
7147	6399	14025	13
7147	6642	14025	85
7149	6834	14025	99
7149	7531	14025	11
7149	8219	14025	50
7151	5853	14025	37
7151	7238	14025	79
7152	7926	14025	34
7152	8158	14025	44
7152	10241	14025	10
7154	6248	14025	32
7154	7643	14025	37
7154	10180	14025	82
7155	7380	14025	84
7156	7592	14025	87
7156	8522	14025	1
7156	8745	14025	2
7157	6187	14025	67
7158	7077	14025	99
7158	8472	14025	54
7158	8694	14025	71
7159	6592	14025	99
7159	8907	14025	8
7160	7724	14025	89
7160	8432	14025	78
7161	6551	14025	19
7161	9786	14025	18
7163	5813	14025	14
7163	7198	14025	31
7163	7906	14025	72
7164	6723	14025	16
7164	8341	14025	90
7164	9261	14025	7
7169	9837	14025	87
7170	7269	14025	74
7171	6319	14025	95
7172	9999	14025	84
7173	9059	14025	37
7174	8806	14025	59
7174	9736	14025	38
7175	6228	14025	100
7175	6936	14025	64
7175	9484	14025	9
7176	6451	14025	20
7176	7128	14025	23
7177	6886	14025	65
7177	7351	14025	38
7177	7795	14025	21
7177	9898	14025	46
7180	8432	14025	8
7180	10293	14025	55
7181	6785	14025	23
7185	9929	14025	98
7186	8069	14025	47
7186	9211	14025	57
7187	8261	14025	46
7187	9656	14025	21
7188	6168	14025	53
7188	8473	14025	98
7190	9363	14025	27
7191	9808	14025	50
7194	8110	14025	15
7195	5997	14025	66
7195	9009	14025	76
7197	6664	14025	34
7197	7351	14025	7
7197	9424	14025	19
7198	7321	14025	89
7198	7554	14025	20
7198	8494	14025	92
7198	10334	14025	38
7199	9859	14025	42
7199	10081	14025	84
7200	7978	14025	56
7200	8201	14025	28
7201	8413	14025	66
7201	9101	14025	10
7202	5855	14025	29
7202	7705	14025	64
7202	9556	14025	12
7202	10021	14025	9
7204	5805	14025	75
7204	8353	14025	19
7205	6462	14025	39
7205	6937	14025	52
7205	8787	14025	20
7205	9707	14025	2
7205	10182	14025	23
7206	6209	14025	47
7206	6675	14025	13
7207	6877	14025	32
7207	8969	14025	56
7208	8939	14025	80
7209	7069	14025	98
7209	7766	14025	55
7210	6119	14025	95
7210	8676	14025	23
7210	9131	14025	41
7210	9839	14025	78
7211	6796	14025	7
7211	8869	14025	63
7212	7473	14025	24
7212	8626	14025	83
7212	10243	14025	51
7213	6058	14025	94
7213	6988	14025	98
7213	7211	14025	8
7214	6270	14025	99
7214	8575	14025	83
7215	7160	14025	87
7215	7868	14025	38
7216	6685	14025	86
7216	8313	14025	76
7217	7595	14025	91
7217	8515	14025	14
7218	6402	14025	96
7218	6645	14025	8
7218	8727	14025	7
7219	5917	14025	17
7221	7039	14025	94
7224	6493	14025	66
7224	7656	14025	85
7225	6706	14025	26
7226	6231	14025	18
7226	6443	14025	65
7226	9688	14025	34
7227	6665	14025	45
7227	7353	14025	42
7227	9213	14025	17
7228	8263	14025	65
7229	7545	14025	70
7230	7282	14025	66
7231	6332	14025	16
7233	7687	14025	53
7234	6736	14025	69
7234	10194	14025	71
7235	6939	14025	62
7235	8799	14025	43
7236	6908	14025	49
7236	8303	14025	20
7236	9244	14025	4
7237	8506	14025	40
7238	6170	14025	73
7239	6838	14025	95
7239	8000	14025	60
7239	9385	14025	4
7240	8688	14025	20
7240	8900	14025	51
7241	6120	14025	37
7241	8425	14025	9
7242	6545	14025	15
7242	7717	14025	12
7242	8162	14025	29
7242	9790	14025	96
7242	10255	14025	43
7243	9315	14025	47
7244	6282	14025	67
7245	8092	14025	48
7246	7839	14025	86
7246	8536	14025	71
7246	9477	14025	48
7247	5969	14025	74
7247	7121	14025	78
7247	8284	14025	8
7249	7323	14025	90
7250	7071	14025	28
7250	7283	14025	14
7250	7758	14025	66
7250	9133	14025	30
7250	9366	14025	74
7250	9608	14025	10
7251	6353	14025	13
7251	6585	14025	66
7252	7243	14025	82
7252	7930	14025	78
7252	9558	14025	11
7254	6980	14025	54
7254	8365	14025	57
7254	9052	14025	60
7254	9982	14025	61
7255	6009	14025	74
7255	6717	14025	62
7255	8557	14025	23
7256	8769	14025	19
7258	7344	14025	15
7258	8264	14025	14
7259	9871	14025	90
7260	7981	14025	39
7260	8214	14025	46
7261	9811	14025	77
7262	10033	14025	29
7263	7233	14025	23
7264	6273	14025	9
7265	6242	14025	51
7265	6495	14025	26
7265	6950	14025	96
7265	8103	14025	89
7266	7395	14025	16
7266	7627	14025	29
7266	10175	14025	82
7268	6424	14025	97
7269	7314	14025	69
7269	8719	14025	39
7269	10337	14025	79
7270	6607	14025	9
7270	8002	14025	95
7271	6121	14025	84
7271	7264	14025	99
7271	10276	14025	10
7272	6091	14025	42
7272	7021	14025	33
7273	6303	14025	54
7273	8851	14025	46
7273	9073	14025	9
7274	7446	14025	41
7274	8588	14025	69
7275	6030	14025	5
7275	8801	14025	70
7275	9255	14025	42
7277	8053	14025	39
7278	6192	14025	5
7279	5930	14025	76
7280	6132	14025	59
7280	6597	14025	69
7280	8214	14025	3
7282	6799	14025	58
7282	8417	14025	45
7283	7224	14025	39
7283	8629	14025	96
7284	9519	14025	15
7284	9761	14025	86
7285	7416	14025	71
7285	7871	14025	80
7286	9711	14025	21
7287	5758	14025	77
7287	5970	14025	11
7287	7598	14025	77
7287	8993	14025	82
7288	6415	14025	17
7288	8508	14025	51
7288	8740	14025	35
7288	9195	14025	61
7288	9671	14025	62
7289	8023	14025	63
7289	9640	14025	19
7290	9165	14025	56
7290	10085	14025	46
7291	9125	14025	61
7292	5859	14025	24
7293	6537	14025	75
7293	6992	14025	70
7293	7244	14025	99
7293	8154	14025	7
7294	5829	14025	89
7295	5809	14025	7
7295	7659	14025	58
7296	7639	14025	31
7296	9954	14025	31
7296	10399	14025	24
7297	7133	14025	94
7297	9449	14025	22
7298	6193	14025	36
7298	6658	14025	89
7298	9206	14025	2
7298	10369	14025	57
7299	7801	14025	79
7299	8953	14025	67
7300	9853	14025	60
7301	5890	14025	32
7301	8448	14025	69
7302	8175	14025	98
7302	10268	14025	28
7303	8852	14025	56
7304	8610	14025	82
7304	9297	14025	69
7306	6709	14025	31
7306	10177	14025	20
7307	7376	14025	88
7310	6143	14025	98
7310	7083	14025	10
7310	7306	14025	55
7311	7508	14025	94
7311	7741	14025	20
7312	6335	14025	35
7312	8661	14025	53
7312	9105	14025	51
7313	7690	14025	90
7313	7943	14025	64
7314	6052	14025	48
7314	6750	14025	58
7316	8570	14025	77
7317	5759	14025	8
7318	9904	14025	93
7319	6861	14025	63
7320	5931	14025	51
7320	6619	14025	56
7321	6831	14025	3
7321	9601	14025	37
7322	6811	14025	45
7323	6781	14025	1
7323	8388	14025	31
7323	8408	14025	22
7323	10248	14025	95
7324	6285	14025	57
7324	6993	14025	97
7326	6943	14025	25
7326	9713	14025	55
7326	10188	14025	19
7327	9935	14025	11
7328	6660	14025	89
7328	7600	14025	62
7329	5952	14025	83
7330	8004	14025	50
7330	8227	14025	33
7330	8247	14025	95
7332	6569	14025	39
7332	7044	14025	100
7332	7276	14025	27
7336	6488	14025	77
7336	8328	14025	13
7336	8793	14025	56
7337	6225	14025	71
7338	6438	14025	55
7339	8500	14025	75
7339	8965	14025	12
7339	9663	14025	32
7340	8692	14025	14
7340	10320	14025	28
7341	5892	14025	19
7342	9127	14025	26
7343	6771	14025	71
7344	7449	14025	11
7344	7681	14025	82
7345	5801	14025	16
7345	7894	14025	34
7346	6256	14025	59
7346	9269	14025	29
7346	9966	14025	34
7348	7823	14025	28
7349	6175	14025	36
7349	7348	14025	44
7349	7813	14025	71
7349	8733	14025	64
7349	10118	14025	78
7350	5700	14025	20
7350	7318	14025	47
7350	7773	14025	79
7350	9178	14025	48
7352	5650	14025	44
7352	7500	14025	10
7352	7965	14025	59
7352	8662	14025	9
7353	6084	14025	22
7353	7247	14025	64
7353	10037	14025	15
7354	6297	14025	30
7354	8855	14025	96
7354	9774	14025	87
7355	6034	14025	90
7355	8359	14025	13
7355	8602	14025	84
7356	6721	14025	53
7357	7389	14025	33
7357	8309	14025	9
7358	5751	14025	98
7358	5973	14025	69
7359	5943	14025	65
7359	9431	14025	49
7360	6863	14025	44
7360	7096	14025	76
7363	6317	14025	36
7363	9563	14025	44
7364	7005	14025	7
7365	10210	14025	51
7366	6267	14025	69
7367	6469	14025	86
7367	6924	14025	27
7367	9017	14025	81
7367	9947	14025	15
7367	10159	14025	50
7368	6682	14025	47
7369	9199	14025	90
7369	10351	14025	50
7370	7551	14025	36
7370	10331	14025	50
7372	6358	14025	78
7372	6591	14025	70
7372	9593	14025	72
7372	10281	14025	35
7374	9088	14025	31
7374	9320	14025	51
7375	9533	14025	52
7376	6722	14025	72
7377	5995	14025	38
7377	6015	14025	53
7377	6237	14025	8
7377	6702	14025	24
7377	10392	14025	70
7378	7369	14025	84
7379	6197	14025	26
7379	6652	14025	1
7379	6894	14025	49
7379	7127	14025	36
7380	6632	14025	13
7380	6864	14025	33
7380	8259	14025	22
7380	8937	14025	89
7380	9412	14025	69
7381	7066	14025	18
7381	7299	14025	90
7382	8209	14025	13
7383	9119	14025	67
7383	9806	14025	83
7384	6763	14025	81
7384	8158	14025	83
7385	6045	14025	52
7386	5803	14025	88
7386	9968	14025	87
7387	6480	14025	53
7387	7168	14025	8
7390	7087	14025	6
7390	8725	14025	97
7390	10100	14025	98
7391	5914	14025	3
7391	6612	14025	29
7392	7744	14025	62
7392	8897	14025	45
7393	8411	14025	7
7393	8644	14025	39
7394	6541	14025	44
7395	7208	14025	86
7397	6925	14025	90
7397	7856	14025	79
7397	9008	14025	61
7398	5975	14025	22
7398	6218	14025	87
7398	8311	14025	100
7398	10150	14025	63
7399	6430	14025	44
7399	8978	14025	68
7399	9665	14025	5
7400	6400	14025	58
7400	6632	14025	42
7401	7765	14025	38
7401	8230	14025	66
7401	10312	14025	52
7402	6127	14025	31
7403	10272	14025	41
7404	7462	14025	88
7404	9089	14025	83
7404	10242	14025	90
7405	6976	14025	80
7406	6501	14025	5
7406	7431	14025	72
7409	8503	14025	24
7409	9201	14025	68
7410	6168	14025	60
7410	7806	14025	92
7410	9878	14025	66
7411	6855	14025	46
7411	8463	14025	53
7412	7280	14025	48
7412	9373	14025	20
7413	6097	14025	2
7413	6572	14025	69
7413	9575	14025	36
7414	7240	14025	39
7416	8129	14025	9
7416	9049	14025	43
7416	9514	14025	26
7416	10212	14025	45
7417	6006	14025	21
7418	6694	14025	52
7419	7129	14025	93
7421	6391	14025	22
7421	7543	14025	68
7421	9636	14025	6
7423	6340	14025	4
7423	6795	14025	86
7423	7038	14025	76
7423	7958	14025	6
7423	8433	14025	21
7424	7705	14025	68
7424	10020	14025	69
7425	6522	14025	5
7426	6037	14025	90
7426	8362	14025	36
7426	8595	14025	7
7427	6714	14025	69
7427	7634	14025	67
7427	8787	14025	51
7428	7392	14025	77
7429	6664	14025	43
7430	5936	14025	36
7431	7999	14025	63
7431	8019	14025	87
7432	9151	14025	28
7433	8656	14025	26
7434	6310	14025	1
7434	9798	14025	30
7435	7463	14025	32
7436	6958	14025	88
7436	9738	14025	93
7437	6937	14025	97
7438	7847	14025	56
7438	8312	14025	79
7438	8767	14025	67
7438	10172	14025	79
7439	7584	14025	1
7439	9910	14025	71
7440	6644	14025	70
7441	7312	14025	76
7442	6594	14025	54
7442	7534	14025	83
7443	7726	14025	42
7444	5856	14025	94
7444	8181	14025	82
7445	6078	14025	42
7445	7908	14025	85
7446	6736	14025	8
7447	6250	14025	8
7447	6483	14025	35
7448	8080	14025	73
7449	5967	14025	64
7449	9445	14025	6
7450	8262	14025	96
7451	8717	14025	3
7451	9172	14025	19
7452	5897	14025	33
7452	10072	14025	21
7454	7029	14025	86
7454	7484	14025	12
7455	9081	14025	58
7456	6049	14025	19
7456	10214	14025	1
7459	6210	14025	69
7462	6615	14025	72
7462	6837	14025	83
7462	8455	14025	37
7464	7252	14025	50
7465	8617	14025	44
7466	6504	14025	25
7466	8364	14025	44
7467	6949	14025	25
7467	7181	14025	16
7468	8789	14025	100
7469	6433	14025	2
7471	6858	14025	9
7472	6140	14025	73
7472	9618	14025	25
7473	7980	14025	82
7474	8405	14025	15
7475	6080	14025	54
7475	6777	14025	44
7475	7697	14025	77
7475	9325	14025	50
7476	7212	14025	46
7476	7444	14025	15
7477	6039	14025	55
7477	9962	14025	44
7478	6009	14025	62
7478	6474	14025	77
7478	7627	14025	50
7478	8082	14025	6
7478	9012	14025	6
7478	9709	14025	59
7479	6211	14025	49
7479	6686	14025	23
7479	7596	14025	43
7480	6889	14025	14
7480	9436	14025	30
7481	8719	14025	58
7482	9851	14025	86
7483	6353	14025	8
7483	6575	14025	5
7483	7040	14025	90
7483	9356	14025	11
7483	10296	14025	43
7484	7263	14025	37
7485	6545	14025	96
7485	7000	14025	41
7485	8153	14025	58
7486	6292	14025	56
7487	8567	14025	28
7487	9507	14025	65
7489	6919	14025	92
7489	7142	14025	48
7489	9912	14025	5
7490	6667	14025	18
7490	7112	14025	39
7490	8962	14025	57
7490	9669	14025	9
7493	6818	14025	19
7493	8679	14025	7
7494	9578	14025	69
7494	10033	14025	55
7498	6232	14025	65
7498	7870	14025	84
7499	8315	14025	81
7499	9225	14025	63
7500	10125	14025	41
7501	6394	14025	9
7501	8254	14025	91
7502	6839	14025	25
7502	9397	14025	73
7503	7062	14025	49
7503	7739	14025	56
7503	8214	14025	89
7503	8912	14025	57
7504	6576	14025	78
7504	7961	14025	69
7504	8426	14025	34
7506	6061	14025	18
7506	8831	14025	72
7507	6263	14025	86
7507	7416	14025	95
7507	9983	14025	13
7508	6708	14025	70
7508	6951	14025	44
7508	9033	14025	65
7508	9953	14025	98
7509	8538	14025	53
7510	10145	14025	79
7511	7790	14025	47
7511	9650	14025	21
7512	6607	14025	52
7512	7537	14025	64
7512	8932	14025	10
7514	6344	14025	17
7514	9114	14025	81
7514	9802	14025	46
7515	7466	14025	41
7515	8164	14025	11
7515	9084	14025	80
7517	9519	14025	40
7518	6243	14025	37
7518	8336	14025	32
7519	6001	14025	89
7519	6911	14025	28
7519	7153	14025	70
7519	7851	14025	23
7519	9468	14025	80
7520	8043	14025	18
7522	9863	14025	43
7522	10318	14025	73
7523	7760	14025	23
7524	6810	14025	42
7524	7265	14025	26
7524	9357	14025	24
7525	7942	14025	35
7526	6992	14025	68
7527	7194	14025	46
7528	8094	14025	45
7529	10389	14025	98
7530	8286	14025	40
7530	8529	14025	19
7531	6183	14025	41
7531	6416	14025	51
7531	6638	14025	66
7532	5931	14025	39
7532	8013	14025	76
7533	7073	14025	15
7535	6315	14025	83
7535	9570	14025	62
7535	10258	14025	11
7537	7670	14025	83
7539	6224	14025	28
7539	9004	14025	97
7542	8701	14025	49
7542	10096	14025	13
7543	8226	14025	65
7544	7033	14025	42
7544	7731	14025	88
7545	6780	14025	35
7545	8186	14025	84
7546	6760	14025	19
7546	8145	14025	73
7546	9995	14025	69
7547	6285	14025	51
7547	9753	14025	71
7549	9935	14025	40
7550	8984	14025	90
7550	9682	14025	8
7550	10147	14025	74
7551	5952	14025	100
7551	6872	14025	21
7552	8024	14025	89
7552	8469	14025	18
7552	10339	14025	19
7553	6376	14025	13
7553	10309	14025	59
7554	8894	14025	86
7554	9834	14025	79
7555	6103	14025	51
7555	7488	14025	62
7555	8631	14025	68
7556	6083	14025	78
7556	7236	14025	72
7556	8611	14025	96
7557	6518	14025	55
7557	8833	14025	94
7558	6710	14025	8
7561	6660	14025	56
7561	7357	14025	85
7562	9642	14025	42
7563	6609	14025	24
7563	9157	14025	85
7564	6811	14025	76
7565	7711	14025	75
7565	9116	14025	64
7565	9582	14025	57
7566	8379	14025	11
7566	10249	14025	9
7567	7903	14025	34
7568	7196	14025	85
7568	9491	14025	17
7569	6003	14025	45
7569	7155	14025	63
7569	8096	14025	87
7569	9248	14025	62
7569	9703	14025	24
7569	10168	14025	92
7570	6448	14025	14
7572	6175	14025	41
7572	7782	14025	66
7572	8955	14025	45
7572	9420	14025	38
7572	9875	14025	89
7573	8460	14025	26
7573	8682	14025	49
7574	7520	14025	48
7574	8197	14025	9
7575	9804	14025	65
7576	9087	14025	100
7577	6276	14025	97
7577	9531	14025	18
7578	7641	14025	50
7579	7853	14025	29
7579	8551	14025	7
7580	6913	14025	9
7580	8763	14025	65
7581	8278	14025	52
7582	7318	14025	40
7582	8723	14025	37
7583	9380	14025	4
7584	6135	14025	43
7585	6570	14025	24
7585	8420	14025	77
7587	6762	14025	4
7587	7439	14025	17
7588	6044	14025	76
7588	6964	14025	21
7589	6479	14025	21
7589	7389	14025	87
7590	6904	14025	21
7590	9006	14025	78
7592	6873	14025	29
7592	7561	14025	69
7592	9178	14025	62
7593	8006	14025	67
7594	7045	14025	22
7595	6105	14025	89
7595	8653	14025	36
7595	8885	14025	78
7596	8633	14025	19
7597	7682	14025	18
7597	8612	14025	11
7598	6257	14025	70
7598	9270	14025	94
7598	9502	14025	13
7600	8077	14025	85
7600	9462	14025	12
7600	9704	14025	97
7601	7581	14025	25
7601	10372	14025	22
7602	7106	14025	60
7602	8259	14025	61
7604	8218	14025	19
7604	9846	14025	79
7605	6338	14025	53
7606	9331	14025	35
7607	6288	14025	89
7607	6985	14025	99
7607	7460	14025	99
7607	8835	14025	31
7607	9533	14025	99
7611	7814	14025	54
7611	8522	14025	7
7613	5924	14025	79
7613	6621	14025	20
7613	6854	14025	15
7614	7056	14025	54
7615	6793	14025	32
7615	7724	14025	30
7615	10049	14025	32
7616	6318	14025	6
7617	6763	14025	32
7617	7228	14025	65
7618	6510	14025	11
7618	8118	14025	73
7618	9978	14025	53
7619	8330	14025	91
7620	7845	14025	41
7620	10160	14025	36
7624	6137	14025	38
7625	7269	14025	22
7625	8654	14025	15
7626	7936	14025	82
7626	8169	14025	25
7626	9099	14025	94
7627	6076	14025	71
7628	6268	14025	80
7628	8361	14025	32
7629	6248	14025	47
7629	9038	14025	57
7630	6450	14025	27
7630	6693	14025	1
7630	6915	14025	97
7632	7350	14025	8
7632	10130	14025	65
7633	6400	14025	84
7633	8007	14025	19
7633	9170	14025	43
7633	9413	14025	77
7634	9382	14025	68
7634	10312	14025	32
7635	6339	14025	86
7635	9817	14025	70
7635	10505	14025	3
7636	6087	14025	89
7636	9564	14025	50
7636	9797	14025	8
7637	7007	14025	22
7638	7896	14025	60
7639	6016	14025	68
7639	7654	14025	42
7639	7886	14025	33
7639	8099	14025	59
7640	6704	14025	47
7640	7148	14025	64
7640	9939	14025	38
7642	7118	14025	69
7642	9656	14025	49
7642	10576	14025	48
7644	6370	14025	77
7644	6603	14025	27
7644	10545	14025	15
7646	7482	14025	41
7646	8170	14025	8
7646	10262	14025	77
7648	6522	14025	4
7648	7432	14025	85
7649	8807	14025	75
7650	7614	14025	59
7650	9019	14025	96
7650	10182	14025	86
7651	5976	14025	11
7652	6886	14025	37
7653	6168	14025	57
7653	7786	14025	63
7653	8241	14025	27
7653	8473	14025	30
7654	7523	14025	3
7654	8453	14025	69
7654	9151	14025	13
7654	9393	14025	11
7655	10061	14025	48
7656	9333	14025	28
7657	7240	14025	56
7658	6057	14025	15
7658	9302	14025	6
7659	8120	14025	63
7659	8342	14025	70
7659	9505	14025	3
7659	9727	14025	3
7660	6229	14025	25
7660	6462	14025	78
7660	6937	14025	45
7661	8302	14025	97
7662	6432	14025	91
7663	8716	14025	57
7663	9879	14025	10
7664	8221	14025	37
7665	6351	14025	82
7665	6816	14025	40
7665	8676	14025	34
7665	10294	14025	40
7667	6078	14025	87
7667	6765	14025	99
7667	9081	14025	16
7668	7453	14025	5
7669	7180	14025	70
7669	8585	14025	24
7671	6907	14025	8
7672	8747	14025	18
7672	9677	14025	24
7675	7291	14025	44
7676	7029	14025	85
7676	8879	14025	89
7677	6088	14025	75
7677	6998	14025	77
7677	7928	14025	43
7678	8151	14025	14
7680	7858	14025	47
7680	8100	14025	27
7680	9030	14025	22
7681	5977	14025	7
7682	9202	14025	31
7684	6149	14025	6
7684	6847	14025	5
7685	7059	14025	80
7685	8212	14025	4
7686	6574	14025	35
7686	9567	14025	68
7687	6786	14025	95
7688	6301	14025	21
7689	6726	14025	77
7690	6018	14025	84
7690	9486	14025	86
7691	6463	14025	59
7691	6686	14025	72
7691	9466	14025	34
7692	8273	14025	56
7692	9900	14025	56
7693	7333	14025	77
7693	8495	14025	88
7693	8718	14025	36
7693	8728	14025	43
7693	8950	14025	16
7693	9415	14025	88
7694	7545	14025	20
7695	8910	14025	31
7695	9365	14025	63
7696	7262	14025	32
7696	7505	14025	46
7696	8415	14025	35
7696	9122	14025	99
7696	10032	14025	39
7696	10497	14025	95
7698	7909	14025	75
7698	9992	14025	16
7699	6039	14025	84
7699	8354	14025	36
7699	8587	14025	33
7699	10437	14025	70
7700	7181	14025	17
7700	7626	14025	43
7700	10194	14025	6
7700	10406	14025	22
7701	8769	14025	50
7702	6191	14025	7
7702	8293	14025	55
7704	7768	14025	42
7704	9163	14025	72
7704	9861	14025	81
7705	6595	14025	74
7706	7738	14025	57
7706	9810	14025	3
7707	7697	14025	62
7707	7950	14025	66
7708	6525	14025	7
7708	6757	14025	6
7708	9295	14025	84
7709	6959	14025	46
7709	8830	14025	11
7710	10407	14025	48
7711	6221	14025	64
7712	7121	14025	27
7713	6424	14025	46
7713	6636	14025	44
7714	10326	14025	79
7715	8213	14025	78
7715	8678	14025	49
7716	8426	14025	41
7717	6090	14025	24
7718	6303	14025	29
7719	6737	14025	34
7719	6980	14025	4
7719	7425	14025	70
7720	6485	14025	48
7720	8577	14025	85
7720	9265	14025	59
7720	9952	14025	74
7721	8537	14025	40
7721	9002	14025	71
7721	10154	14025	85
7721	10620	14025	73
7723	6869	14025	63
7723	8042	14025	32
7725	7061	14025	67
7725	7294	14025	31
7725	10084	14025	84
7726	6808	14025	33
7727	10266	14025	71
7730	7183	14025	4
7731	6242	14025	24
7731	7395	14025	66
7732	7365	14025	99
7732	7840	14025	15
7736	8194	14025	32
7737	6779	14025	77
7737	8406	14025	51
7737	8871	14025	74
7739	6748	14025	15
7739	7213	14025	97
7739	7446	14025	33
7740	9508	14025	21
7740	9731	14025	7
7741	6708	14025	75
7741	6930	14025	24
7741	10165	14025	84
7744	8942	14025	21
7745	6607	14025	78
7745	9145	14025	44
7745	9610	14025	68
7747	6567	14025	27
7747	7709	14025	5
7747	10024	14025	100
7747	10499	14025	94
7748	9539	14025	42
7749	6294	14025	97
7749	7669	14025	35
7749	8144	14025	20
7749	9296	14025	95
7750	10429	14025	37
7752	6446	14025	3
7752	8761	14025	36
7752	10621	14025	43
7753	7800	14025	44
7753	7821	14025	2
7753	8053	14025	78
7753	8508	14025	6
7754	8023	14025	11
7754	8720	14025	94
7754	9650	14025	64
7754	9883	14025	57
7755	6142	14025	24
7755	6375	14025	89
7756	7052	14025	39
7758	7002	14025	28
7758	9084	14025	40
7759	6527	14025	2
7759	9064	14025	90
7760	6264	14025	72
7760	8801	14025	6
7762	6668	14025	61
7762	8296	14025	30
7762	9004	14025	35
7762	9226	14025	50
7765	9843	14025	55
7766	7275	14025	25
7766	7973	14025	27
7766	9823	14025	3
7767	10268	14025	6
7769	6972	14025	58
7770	6022	14025	43
7770	7184	14025	93
7770	7649	14025	14
7770	7882	14025	55
7770	10197	14025	25
7771	8084	14025	91
7771	9014	14025	38
7772	6922	14025	21
7772	9924	14025	5
7773	6194	14025	65
7773	7114	14025	50
7774	7336	14025	64
7775	10329	14025	32
7778	6538	14025	46
7779	9763	14025	16
7779	9985	14025	18
7779	10450	14025	95
7780	6487	14025	79
7780	8590	14025	62
7781	8327	14025	20
7781	8802	14025	88
7782	7610	14025	60
7782	10380	14025	29
7784	8267	14025	32
7784	9874	14025	86
7785	8236	14025	48
7785	10562	14025	57
7786	6124	14025	17
7786	7519	14025	95
7787	7721	14025	25
7787	9116	14025	43
7787	9338	14025	97
7788	6073	14025	54
7789	7458	14025	37
7789	9076	14025	17
7789	9531	14025	33
7790	6265	14025	65
7790	7650	14025	85
7791	6943	14025	50
7791	9258	14025	78
7792	6457	14025	49
7792	8065	14025	50
7792	10633	14025	91
7794	6872	14025	69
7794	7802	14025	1
7794	10107	14025	38
7795	6164	14025	8
7795	6619	14025	27
7796	6832	14025	60
7796	8682	14025	32
7796	10542	14025	95
7797	8884	14025	96
7797	9592	14025	33
7798	7236	14025	39
7799	6761	14025	89
7799	8389	14025	8
7799	8834	14025	97
7801	6246	14025	26
7802	5993	14025	67
7802	7378	14025	62
7803	9208	14025	45
7803	10613	14025	62
7804	6650	14025	27
7805	5922	14025	93
7806	8450	14025	4
7807	7975	14025	67
7807	8429	14025	27
7808	8642	14025	51
7808	9794	14025	30
7809	7681	14025	82
7809	10229	14025	39
7810	6741	14025	97
7810	7206	14025	16
7810	9279	14025	41
7810	10431	14025	27
7810	10674	14025	38
7811	6024	14025	18
7812	7853	14025	47
7812	9006	14025	64
7813	7126	14025	85
7813	8531	14025	9
7814	8025	14025	6
7814	9431	14025	74
7816	8693	14025	54
7817	6105	14025	34
7817	7045	14025	91
7817	10290	14025	59
7818	9330	14025	87
7819	6529	14025	70
7819	9542	14025	69
7819	10240	14025	29
7820	6044	14025	39
7820	6964	14025	49
7820	10209	14025	38
7823	7591	14025	83
7824	6408	14025	56
7824	8734	14025	82
7824	8956	14025	83
7824	9653	14025	90
7826	6135	14025	20
7826	6378	14025	45
7826	6611	14025	50
7826	10068	14025	79
7828	7723	14025	53
7828	7935	14025	46
7830	7197	14025	22
7831	9957	14025	57
7832	6459	14025	97
7832	6924	14025	21
7833	6207	14025	40
7834	5954	14025	50
7834	10351	14025	26
7835	6864	14025	9
7835	8471	14025	86
7835	9866	14025	92
7836	7521	14025	49
7836	8916	14025	6
7836	9856	14025	25
7837	7036	14025	77
7837	7966	14025	85
7837	8663	14025	80
7837	10048	14025	36
7838	9806	14025	39
7838	10503	14025	12
7839	6298	14025	25
7839	8855	14025	91
7840	8603	14025	86
7840	9300	14025	61
7840	10675	14025	19
7841	8118	14025	49
7841	9280	14025	72
7843	6905	14025	39
7843	8057	14025	96
7844	8512	14025	38
7847	9371	14025	88
7848	8421	14025	25
7849	6066	14025	23
7851	6733	14025	52
7851	7643	14025	94
7851	8805	14025	52
7851	9503	14025	3
7851	9736	14025	84
7852	6238	14025	63
7852	6703	14025	96
7853	7845	14025	8
7854	7582	14025	91
7854	9200	14025	86
7854	9675	14025	77
7855	7795	14025	52
7855	8027	14025	13
7856	6147	14025	28
7856	7067	14025	73
7856	7764	14025	65
7856	10322	14025	47
7857	7279	14025	42
7857	9604	14025	62
7859	6996	14025	64
7859	8866	14025	66
7860	6289	14025	79
7860	7441	14025	78
7860	8149	14025	77
7861	8573	14025	46
7861	9049	14025	3
7862	7158	14025	88
7862	8098	14025	48
7862	9251	14025	79
7862	10403	14025	37
7863	6683	14025	85
7864	6188	14025	73
7865	6410	14025	48
7865	6643	14025	48
7865	7108	14025	80
7865	8725	14025	50
7866	9625	14025	94
7867	6370	14025	94
7867	6592	14025	93
7868	8877	14025	49
7869	7229	14025	34
7869	7927	14025	50
7869	8169	14025	51
7870	7684	14025	85
7871	8816	14025	8
7872	9494	14025	43
7872	9939	14025	89
7873	8533	14025	17
7873	8766	14025	83
7874	9211	14025	79
7874	9443	14025	95
7875	9878	14025	41
7875	10576	14025	92
7876	7998	14025	10
7877	6582	14025	89
7877	7513	14025	36
7877	9140	14025	26
7878	6795	14025	97
7878	7957	14025	5
7878	9575	14025	22
7878	9818	14025	16
7879	9332	14025	54
7880	6532	14025	72
7881	6027	14025	54
7881	8584	14025	81
7884	7826	14025	32
7884	8524	14025	87
7885	8039	14025	70
7886	8706	14025	95
7887	6361	14025	31
7887	9373	14025	52
7889	6310	14025	20
7889	7928	14025	58
7890	6067	14025	85
7890	7463	14025	71
7890	7907	14025	6
7891	6725	14025	91
7892	6472	14025	66
7892	7402	14025	91
7892	10415	14025	24
7893	6927	14025	41
7894	6209	14025	57
7896	8474	14025	58
7896	10334	14025	91
7897	6604	14025	36
7897	7069	14025	53
7897	8454	14025	95
7899	6098	14025	95
7900	8150	14025	38
7900	10011	14025	81
7902	8787	14025	95
7902	9718	14025	44
7902	9960	14025	77
7903	7625	14025	73
7904	7837	14025	9
7905	6644	14025	2
7906	6159	14025	79
7906	6624	14025	47
7906	10324	14025	81
7907	7767	14025	20
7907	10072	14025	57
7909	9111	14025	31
7909	9566	14025	47
7910	6291	14025	94
7911	8121	14025	72
7911	9758	14025	25
7912	6493	14025	85
7912	8565	14025	59
7913	7393	14025	10
7913	10395	14025	52
7914	7373	14025	6
7914	9910	14025	87
7915	8040	14025	79
7915	8970	14025	17
7915	10345	14025	57
7917	6827	14025	23
7918	6584	14025	26
7918	7979	14025	100
7918	8424	14025	91
7918	9819	14025	69
7919	7484	14025	68
7919	9334	14025	5
7920	6311	14025	44
7920	10477	14025	57
7921	7444	14025	77
7921	9294	14025	50
7923	6928	14025	44
7923	8081	14025	35
7924	9456	14025	40
7924	9688	14025	28
7925	7353	14025	40
7925	7808	14025	95
7925	9890	14025	73
7926	8940	14025	78
7926	9405	14025	57
7926	9648	14025	92
7927	7060	14025	81
7928	8677	14025	64
7929	10032	14025	4
7930	6079	14025	55
7930	6544	14025	17
7930	8849	14025	95
7931	6969	14025	86
7931	7667	14025	83
7932	6716	14025	88
7932	8799	14025	78
7932	9507	14025	98
7934	7131	14025	52
7934	9234	14025	11
7935	6191	14025	71
7935	6423	14025	29
7935	9193	14025	37
7936	7566	14025	53
7937	9153	14025	94
7937	9851	14025	52
7938	6353	14025	86
7938	7283	14025	40
7938	7970	14025	99
7938	10528	14025	98
7940	6777	14025	73
7940	7232	14025	33
7940	9790	14025	36
7944	6221	14025	50
7945	6879	14025	78
7946	8021	14025	46
7947	7526	14025	46
7947	10073	14025	7
7949	6323	14025	46
7951	6990	14025	39
7952	6262	14025	73
7952	6505	14025	63
7952	8577	14025	98
7952	9730	14025	1
7953	6464	14025	57
7953	9012	14025	18
7954	9932	14025	93
7955	9204	14025	65
7958	9134	14025	83
7959	8426	14025	77
7959	8891	14025	50
7959	10509	14025	75
7961	6050	14025	3
7961	7456	14025	61
7961	9538	14025	7
7962	7890	14025	92
7963	9255	14025	9
7963	9710	14025	84
7964	6687	14025	35
7964	8527	14025	26
7965	8052	14025	23
7965	10590	14025	70
7966	6859	14025	92
7966	7800	14025	48
7966	9174	14025	17
7966	9872	14025	87
7967	6384	14025	20
7967	7769	14025	63
7967	8002	14025	98
7967	9387	14025	44
7971	6526	14025	72
7971	6758	14025	46
7971	7689	14025	63
7971	8133	14025	17
7972	7416	14025	94
7973	6253	14025	12
7973	7183	14025	13
7974	6920	14025	49
7975	8295	14025	2
7975	9448	14025	34
7976	7578	14025	64
7978	6354	14025	12
7978	9145	14025	60
7979	6809	14025	66
7982	7659	14025	16
7983	7163	14025	32
7983	7396	14025	95
7983	7871	14025	92
7983	8104	14025	45
7984	6466	14025	87
7984	10398	14025	2
7985	6193	14025	88
7986	6648	14025	29
7986	7103	14025	47
7986	7335	14025	16
7986	10105	14025	68
7988	8690	14025	60
7989	6122	14025	74
7989	6567	14025	48
7990	7245	14025	68
7990	7932	14025	80
7991	9064	14025	66
7992	9287	14025	53
7993	6941	14025	24
7994	9014	14025	6
7995	8529	14025	29
7996	8043	14025	29
7996	8721	14025	20
7996	8953	14025	97
7996	10348	14025	70
7998	6608	14025	80
7998	7285	14025	57
7998	10531	14025	8
7999	9348	14025	35
7999	9580	14025	24
8000	6315	14025	83
8000	6547	14025	96
8001	7700	14025	88
8001	8842	14025	54
8002	6729	14025	28
8002	6962	14025	89
8002	8822	14025	76
8004	8094	14025	76
8004	9924	14025	30
8005	8762	14025	94
8006	6881	14025	79
8006	7569	14025	32
8007	8004	14025	64
8007	8479	14025	34
8007	9176	14025	36
8008	6831	14025	88
8008	8448	14025	28
8009	9116	14025	22
8010	6336	14025	83
8010	7256	14025	69
8010	8175	14025	27
8011	7933	14025	90
8012	6275	14025	45
8012	7893	14025	63
8013	6497	14025	45
8013	9490	14025	76
8015	6437	14025	73
8016	7812	14025	17
8016	9429	14025	68
8016	10349	14025	77
8017	9874	14025	31
8017	10572	14025	40
8019	9834	14025	20
8020	6781	14025	96
8020	9349	14025	55
8021	8146	14025	54
8022	8125	14025	37
8022	8601	14025	94
8022	9763	14025	65
8024	7155	14025	94
8026	6650	14025	35
8026	7347	14025	28
8026	8035	14025	18
8026	9197	14025	77
8027	6407	14025	31
8027	9400	14025	50
8027	10330	14025	51
8028	7074	14025	54
8028	7297	14025	98
8029	7519	14025	24
8029	10299	14025	81
8030	7954	14025	61
8030	9561	14025	92
8031	6316	14025	90
8031	7004	14025	80
8031	10016	14025	17
8032	9056	14025	6
8033	6721	14025	79
8033	7196	14025	53
8033	7661	14025	41
8033	8813	14025	79
8034	6923	14025	8
8034	6943	14025	14
8034	7398	14025	81
8034	9016	14025	34
8035	6438	14025	44
8036	6883	14025	26
8036	10118	14025	34
8036	10350	14025	76
8036	10370	14025	76
8037	7782	14025	83
8038	6145	14025	8
8039	6357	14025	26
8039	8662	14025	52
8039	10067	14025	100
8040	6569	14025	21
8040	6802	14025	28
8040	7722	14025	66
8041	9087	14025	37
8042	7904	14025	31
8043	6499	14025	56
8044	7166	14025	59
8044	9481	14025	79
8044	9956	14025	60
8045	6216	14025	76
8045	7601	14025	64
8045	9451	14025	94
8045	9683	14025	70
8047	7571	14025	78
8047	8015	14025	17
8047	8723	14025	11
8049	6600	14025	66
8049	9128	14025	95
8049	9593	14025	15
8050	10270	14025	75
8051	8167	14025	66
8054	6701	14025	45
8055	7136	14025	69
8056	6883	14025	89
8056	9199	14025	50
8058	6621	14025	70
8058	6843	14025	17
8061	7480	14025	90
8061	8400	14025	65
8062	6297	14025	43
8063	7652	14025	39
8065	9462	14025	56
8066	6439	14025	76
8066	7116	14025	25
8067	6651	14025	95
8067	8481	14025	84
8068	9391	14025	12
8068	10089	14025	1
8068	10331	14025	96
8069	8684	14025	62
8070	8421	14025	59
8071	7248	14025	22
8071	8633	14025	67
8071	9321	14025	83
8071	9563	14025	38
8071	9796	14025	50
8072	9988	14025	50
8073	6733	14025	16
8073	9523	14025	40
8074	6490	14025	7
8076	8057	14025	6
8077	6187	14025	58
8077	7329	14025	13
8077	8037	14025	45
8077	9887	14025	58
8079	8451	14025	62
8080	6339	14025	75
8080	6814	14025	81
8081	8876	14025	71
8081	9099	14025	57
8082	8138	14025	99
8084	8573	14025	16
8084	9260	14025	91
8085	6450	14025	99
8085	9008	14025	14
8085	9705	14025	51
8085	9928	14025	61
8087	10110	14025	88
8088	7775	14025	97
8089	7057	14025	73
8089	9139	14025	73
8089	9847	14025	40
8090	8654	14025	47
8091	6319	14025	60
8091	6551	14025	9
8091	6774	14025	25
8091	7714	14025	3
8091	10019	14025	70
8092	6521	14025	43
8092	6541	14025	49
8092	7451	14025	70
8092	9069	14025	58
8095	6936	14025	68
8096	8513	14025	26
8096	9453	14025	3
8098	8007	14025	30
8098	8948	14025	25
8098	9170	14025	87
8100	7967	14025	70
8103	6269	14025	24
8103	8129	14025	6
8103	8351	14025	76
8103	8372	14025	18
8104	6481	14025	96
8104	7421	14025	46
8104	9029	14025	58
8105	6239	14025	19
8107	9201	14025	62
8108	8483	14025	38
8108	9636	14025	36
8109	6380	14025	30
8109	6603	14025	53
8112	9777	14025	11
8113	7209	14025	36
8113	9070	14025	22
8114	9727	14025	87
8115	7392	14025	49
8117	6876	14025	48
8117	8049	14025	16
8118	7796	14025	72
8118	8716	14025	10
8119	7068	14025	98
8119	8928	14025	5
8119	10081	14025	15
8120	6815	14025	96
8121	7260	14025	61
8121	7958	14025	30
8121	8403	14025	62
8122	7928	14025	61
8123	6987	14025	49
8124	8575	14025	27
8125	9940	14025	89
8126	7139	14025	97
8126	8069	14025	59
8126	8534	14025	82
8127	7352	14025	61
8128	9404	14025	95
8129	7756	14025	82
8129	9161	14025	68
8129	9849	14025	63
8131	6331	14025	87
8132	8151	14025	4
8133	7685	14025	55
8133	8130	14025	14
8134	6735	14025	30
8134	8343	14025	40
8135	6240	14025	56
8135	6927	14025	84
8135	8090	14025	46
8136	6210	14025	77
8136	8292	14025	17
8136	9697	14025	44
8137	6432	14025	15
8137	8050	14025	45
8138	7099	14025	1
8138	7554	14025	79
8139	8009	14025	8
8141	7039	14025	56
8141	9111	14025	9
8142	6543	14025	30
8142	8859	14025	49
8142	10011	14025	67
8145	8101	14025	96
8145	9243	14025	8
8145	9496	14025	76
8147	9668	14025	2
8148	6877	14025	42
8148	7322	14025	80
8149	6160	14025	10
8150	8667	14025	32
8151	8889	14025	10
8152	6311	14025	31
8153	7221	14025	78
8153	9304	14025	42
8154	6493	14025	12
8154	7879	14025	14
8154	9516	14025	29
8155	7626	14025	13
8155	9264	14025	32
8156	9011	14025	39
8157	6655	14025	57
8157	9901	14025	35
8158	9415	14025	2
8159	6393	14025	29
8159	6837	14025	90
8159	7778	14025	35
8160	7292	14025	73
8161	8425	14025	85
8162	6787	14025	40
8164	9982	14025	49
8165	6716	14025	27
8166	7151	14025	23
8166	8304	14025	79
8167	8061	14025	57
8168	8728	14025	26
8169	6626	14025	30
8169	8466	14025	69
8169	8931	14025	51
8170	7990	14025	42
8171	6575	14025	17
8171	7040	14025	4
8172	7697	14025	58
8172	8395	14025	31
8172	9335	14025	72
8173	7232	14025	77
8174	6282	14025	14
8174	6504	14025	95
8174	6747	14025	44
8174	6969	14025	44
8174	8587	14025	21
8174	9507	14025	27
8176	6454	14025	50
8176	6929	14025	34
8176	8072	14025	7
8178	8264	14025	9
8179	9629	14025	34
8180	7516	14025	37
8181	9366	14025	80
8181	10043	14025	85
8182	8648	14025	73
8183	7910	14025	29
8183	8143	14025	27
8184	7213	14025	27
8185	8800	14025	66
8186	8547	14025	65
8187	7354	14025	81
8187	8517	14025	21
8188	9437	14025	81
8189	7557	14025	32
8190	6374	14025	89
8190	8679	14025	29
8191	6586	14025	66
8192	8173	14025	94
8192	9103	14025	85
8192	9791	14025	48
8193	6526	14025	47
8193	8851	14025	82
8195	9255	14025	68
8196	9943	14025	98
8198	7112	14025	60
8198	8972	14025	49
8199	6637	14025	51
8199	8012	14025	81
8200	6829	14025	12
8200	7304	14025	61
8201	8437	14025	6
8201	8892	14025	11
8202	6334	14025	14
8202	7021	14025	26
8202	9559	14025	92
8203	6304	14025	40
8203	7466	14025	63
8204	7668	14025	29
8204	8366	14025	27
8206	9013	14025	59
8207	6900	14025	80
8207	7598	14025	68
8209	6405	14025	39
8209	8487	14025	92
8209	9650	14025	46
8210	9145	14025	28
8210	9387	14025	99
8211	7739	14025	40
8211	9124	14025	2
8212	7497	14025	34
8212	8174	14025	68
8212	9579	14025	90
8212	10034	14025	66
8213	9074	14025	53
8214	6516	14025	23
8215	7184	14025	11
8216	6941	14025	45
8216	7851	14025	8
8216	9711	14025	64
8217	6688	14025	91
8217	7376	14025	12
8218	8053	14025	86
8219	6870	14025	27
8219	7335	14025	96
8219	9185	14025	66
8220	6618	14025	86
8220	8235	14025	18
8221	8205	14025	89
8221	9822	14025	45
8223	8397	14025	27
8223	8852	14025	65
8224	6749	14025	40
8224	6972	14025	11
8225	6497	14025	78
8225	8357	14025	98
8227	8306	14025	46
8228	8974	14025	11
8229	8266	14025	75
8229	8711	14025	77
8230	7771	14025	6
8231	6578	14025	97
8231	6820	14025	61
8238	6891	14025	4
8238	7589	14025	94
8238	7811	14025	29
8238	9894	14025	43
8241	8438	14025	9
8242	6558	14025	7
8242	7023	14025	48
8243	6780	14025	12
8243	8641	14025	26
8243	9561	14025	50
8243	9793	14025	45
8243	10016	14025	84
8244	7225	14025	67
8244	7458	14025	3
8244	9075	14025	46
8245	6720	14025	66
8245	6740	14025	96
8245	7185	14025	46
8245	9268	14025	43
8246	6467	14025	48
8246	9035	14025	24
8247	8075	14025	12
8248	7367	14025	73
8249	6407	14025	76
8249	7559	14025	53
8250	6609	14025	11
8250	9632	14025	62
8251	7984	14025	56
8253	6326	14025	61
8253	9328	14025	80
8254	6518	14025	90
8256	6943	14025	90
8256	9015	14025	52
8256	9490	14025	65
8257	7610	14025	96
8257	7853	14025	19
8257	8318	14025	17
8257	9703	14025	72
8259	8025	14025	36
8260	7307	14025	54
8260	8015	14025	55
8260	9400	14025	39
8261	6832	14025	36
8261	8217	14025	44
8262	9814	14025	81
8264	6539	14025	10
8264	7691	14025	76
8264	8834	14025	32
8265	6731	14025	28
8265	7428	14025	66
8265	8591	14025	37
8266	7166	14025	81
8266	8338	14025	31
8267	6448	14025	5
8267	8551	14025	33
8269	8500	14025	98
8269	8955	14025	27
8270	8702	14025	90
8271	9137	14025	31
8272	6812	14025	53
8272	7045	14025	68
8272	7277	14025	70
8273	8642	14025	85
8273	9107	14025	55
8274	8854	14025	85
8275	6974	14025	82
8275	8126	14025	47
8275	9976	14025	80
8276	6479	14025	54
8278	9451	14025	57
8279	8036	14025	25
8279	8278	14025	39
8279	9188	14025	17
8281	6378	14025	88
8281	7075	14025	6
8282	9360	14025	69
8283	7712	14025	73
8284	8147	14025	70
8284	9077	14025	47
8285	9512	14025	54
8287	6924	14025	28
8287	8541	14025	53
8287	8784	14025	11
8288	8299	14025	36
8289	6418	14025	88
8289	7116	14025	35
8290	9401	14025	31
8292	6590	14025	57
8293	6560	14025	61
8293	7955	14025	65
8293	8410	14025	49
8295	7662	14025	38
8295	9300	14025	86
8296	7420	14025	2
8296	8582	14025	97
8297	7157	14025	9
8297	9239	14025	17
8298	9694	14025	80
8298	9927	14025	96
8299	8047	14025	89
8299	8512	14025	93
8303	7016	14025	94
8303	8886	14025	6
8304	6298	14025	62
8304	9553	14025	90
8305	6975	14025	28
8305	7895	14025	93
8305	8128	14025	22
8308	6672	14025	61
8308	7602	14025	33
8308	8755	14025	18
8309	9675	14025	85
8310	9644	14025	75
8311	7774	14025	52
8311	8927	14025	37
8313	6804	14025	54
8313	7259	14025	76
8313	9331	14025	69
8314	8634	14025	5
8315	8371	14025	7
8317	9018	14025	68
8318	6915	14025	51
8318	8310	14025	11
8318	9463	14025	16
8319	7117	14025	31
8319	9887	14025	100
8320	6865	14025	64
8320	8250	14025	88
8321	9160	14025	81
8322	9129	14025	49
8323	7027	14025	62
8323	7947	14025	26
8323	8654	14025	24
8324	6531	14025	11
8324	6764	14025	65
8324	7694	14025	79
8325	9069	14025	56
8326	8816	14025	31
8328	6451	14025	61
8329	8523	14025	54
8329	8735	14025	14
8331	6390	14025	55
8331	8705	14025	91
8332	7280	14025	80
8333	7502	14025	36
8333	8190	14025	26
8333	9352	14025	51
8334	6784	14025	38
8334	8867	14025	62
8336	9271	14025	98
8337	6481	14025	6
8340	8958	14025	34
8342	6815	14025	74
8342	8685	14025	27
8342	9605	14025	87
8343	6340	14025	6
8344	9100	14025	92
8345	6300	14025	71
8345	6997	14025	35
8345	8847	14025	54
8346	8807	14025	97
8347	7179	14025	13
8347	8322	14025	74
8348	7614	14025	1
8348	9929	14025	51
8349	7816	14025	23
8350	8029	14025	7
8350	9424	14025	57
8351	7553	14025	44
8352	9838	14025	89
8353	7958	14025	44
8355	7918	14025	71
8355	8140	14025	6
8356	6745	14025	39
8357	7402	14025	70
8357	8110	14025	10
8357	9040	14025	66
8358	8777	14025	52
8359	7139	14025	50
8359	9919	14025	66
8361	8241	14025	4
8362	7766	14025	53
8363	8888	14025	78
8364	7251	14025	59
8365	8373	14025	24
8366	7655	14025	88
8367	6472	14025	40
8369	9222	14025	21
8371	6382	14025	32
8371	7312	14025	23
8371	8484	14025	75
8372	6372	14025	15
8372	7069	14025	68
8372	8444	14025	60
8374	6331	14025	12
8374	8646	14025	98
8378	7393	14025	70
8379	7595	14025	58
8379	8070	14025	33
8379	8758	14025	14
8380	6877	14025	98
8380	7110	14025	11
8380	9900	14025	39
8381	9162	14025	52
8382	9375	14025	82
8385	6756	14025	38
8386	9284	14025	50
8387	7868	14025	95
8388	9243	14025	91
8388	9486	14025	1
8389	6898	14025	43
8390	8040	14025	22
8392	6848	14025	72
8393	6362	14025	13
8393	6575	14025	36
8393	7050	14025	52
8393	8657	14025	32
8393	8890	14025	58
8395	6544	14025	34
8395	7009	14025	49
8395	7222	14025	56
8395	7454	14025	31
8395	9314	14025	47
8396	7202	14025	81
8396	8597	14025	43
8397	8122	14025	98
8398	7171	14025	24
8399	6454	14025	5
8399	6666	14025	100
8399	7131	14025	83
8400	8283	14025	40
8400	8516	14025	74
8400	9669	14025	36
8401	6636	14025	67
8401	7798	14025	25
8401	8718	14025	91
8401	9648	14025	88
8403	7273	14025	80
8403	9830	14025	91
8405	9315	14025	55
8406	6525	14025	74
8407	6727	14025	15
8408	6697	14025	14
8408	6929	14025	48
8409	8992	14025	56
8409	9224	14025	48
8410	7344	14025	92
8412	8223	14025	40
8413	9598	14025	50
8414	8881	14025	8
8415	8385	14025	68
8416	7445	14025	29
8420	7577	14025	43
8420	8052	14025	45
8421	6414	14025	30
8421	7102	14025	82
8421	8264	14025	84
8422	7769	14025	90
8422	8931	14025	40
8423	6829	14025	26
8423	7061	14025	5
8424	7718	14025	36
8424	8659	14025	89
8424	9124	14025	18
8426	7921	14025	23
8426	9073	14025	75
8427	7183	14025	51
8427	8588	14025	75
8427	8810	14025	59
8427	9275	14025	85
8429	8072	14025	3
8429	8760	14025	41
8431	7800	14025	66
8431	9427	14025	95
8432	6607	14025	54
8432	9164	14025	23
8434	7496	14025	65
8435	6769	14025	27
8436	8376	14025	10
8436	9306	14025	48
8437	6971	14025	89
8437	7668	14025	63
8437	8133	14025	89
8437	8346	14025	4
8438	7871	14025	74
8440	8053	14025	3
8441	6648	14025	51
8441	6880	14025	27
8442	7547	14025	64
8442	8002	14025	85
8443	8680	14025	50
8444	6567	14025	73
8444	9357	14025	67
8445	7002	14025	12
8445	7244	14025	73
8445	8629	14025	37
8446	7457	14025	62
8446	7689	14025	3
8446	8842	14025	72
8448	6486	14025	22
8448	9024	14025	25
8449	6921	14025	77
8450	8508	14025	30
8452	6850	14025	78
8452	8710	14025	91
8454	8882	14025	46
8455	6547	14025	17
8455	7932	14025	17
8457	9509	14025	48
8458	7639	14025	56
8458	8114	14025	76
8460	7821	14025	50
8461	7346	14025	69
8461	8276	14025	26
8462	8478	14025	12
8462	9408	14025	32
8462	9631	14025	89
8463	7983	14025	68
8463	8216	14025	42
8463	8448	14025	48
8464	7043	14025	19
8464	9115	14025	91
8465	8418	14025	64
8465	9560	14025	97
8467	8600	14025	65
8467	9045	14025	49
8468	7174	14025	14
8468	7872	14025	36
8469	6457	14025	54
8469	8539	14025	95
8471	6649	14025	46
8472	7084	14025	17
8472	8944	14025	35
8472	9176	14025	8
8474	6811	14025	41
8474	7741	14025	73
8475	7711	14025	85
8476	7468	14025	52
8476	9308	14025	75
8477	6973	14025	61
8478	6497	14025	26
8478	6710	14025	59
8480	7377	14025	84
8481	6872	14025	14
8481	8034	14025	10
8484	7266	14025	5
8484	9126	14025	14
8485	7034	14025	37
8486	6761	14025	77
8487	6518	14025	98
8487	8591	14025	30
8488	9278	14025	24
8489	6700	14025	16
8490	6670	14025	23
8490	6913	14025	11
8490	8308	14025	75
8490	9460	14025	59
8491	6417	14025	43
8491	7337	14025	29
8491	7812	14025	26
8491	9197	14025	50
8492	6640	14025	2
8492	8490	14025	87
8494	6589	14025	60
8494	8197	14025	96
8495	6802	14025	91
8496	7924	14025	72
8496	8621	14025	19
8496	8854	14025	26
8498	7661	14025	47
8499	7408	14025	16
8499	7863	14025	67
8500	9006	14025	33
8501	8045	14025	58
8501	9430	14025	24
8502	6863	14025	48
8506	7004	14025	62
8506	7227	14025	26
8507	8379	14025	13
8507	9057	14025	75
8507	9077	14025	11
8510	8541	14025	50
8513	9158	14025	41
8514	9370	14025	56
8515	6560	14025	93
8515	6570	14025	99
8515	7025	14025	13
8515	7500	14025	1
8515	7955	14025	33
8515	8177	14025	13
8516	6782	14025	95
8517	6530	14025	9
8518	8592	14025	73
8519	7167	14025	60
8519	7409	14025	24
8521	7126	14025	92
8521	7814	14025	95
8522	7339	14025	89
8524	8441	14025	14
8524	8916	14025	77
8526	9320	14025	28
8527	7915	14025	46
8528	6965	14025	93
8530	6924	14025	59
8531	6672	14025	42
8532	8259	14025	63
8532	8957	14025	59
8533	8016	14025	44
8533	8481	14025	63
8539	6470	14025	69
8539	7643	14025	52
8540	8320	14025	90
8540	9230	14025	21
8541	7835	14025	79
8543	6622	14025	71
8543	7309	14025	8
8544	7987	14025	92
8545	8189	14025	73
8546	7006	14025	54
8546	8411	14025	74
8547	6763	14025	24
8547	8381	14025	64
8548	6733	14025	3
8548	7886	14025	8
8549	6956	14025	5
8549	8573	14025	74
8550	7380	14025	88
8550	8078	14025	68
8551	6430	14025	52
8551	6905	14025	36
8552	7795	14025	17
8553	6865	14025	100
8553	7552	14025	25
8553	9160	14025	64
8554	8230	14025	5
8555	6572	14025	46
8555	9362	14025	40
8556	7471	14025	31
8558	6511	14025	73
8558	7664	14025	38
8559	9271	14025	57
8560	6693	14025	57
8560	9241	14025	11
8561	7138	14025	2
8564	6592	14025	60
8565	8200	14025	52
8565	8442	14025	7
8566	6784	14025	60
8567	7239	14025	8
8569	7866	14025	58
8569	8341	14025	13
8571	6663	14025	5
8571	7604	14025	4
8572	9201	14025	86
8575	6815	14025	25
8576	7947	14025	75
8578	8140	14025	48
8579	6724	14025	41
8581	7836	14025	8
8581	8059	14025	53
8581	8302	14025	72
8581	8534	14025	64
8582	7806	14025	79
8583	7786	14025	59
8584	7533	14025	56
8584	7988	14025	80
8585	7291	14025	16
8586	7018	14025	99
8586	7725	14025	36
8587	7463	14025	98
8587	9090	14025	99
8589	6482	14025	94
8591	6917	14025	49
8594	6604	14025	17
8596	7261	14025	69
8596	7493	14025	47
8597	6533	14025	57
8597	6766	14025	20
8600	6938	14025	19
8600	7868	14025	84
8602	6887	14025	12
8602	7120	14025	77
8604	8242	14025	49
8605	9142	14025	50
8607	8404	14025	51
8608	6523	14025	12
8610	8333	14025	1
8612	6655	14025	80
8614	6837	14025	97
8615	7980	14025	58
8615	8212	14025	75
8617	8172	14025	43
8618	6514	14025	7
8618	6979	14025	30
8622	7353	14025	86
8622	8283	14025	92
8624	8475	14025	22
8625	6605	14025	14
8627	7929	14025	10
8627	8395	14025	46
8628	6757	14025	32
8628	7232	14025	30
8628	8142	14025	25
8629	7202	14025	67
8630	6939	14025	4
8632	6888	14025	8
8632	8061	14025	12
8633	6646	14025	13
8634	7556	14025	19
8635	7050	14025	100
8635	7980	14025	85
8636	6585	14025	84
8637	6788	14025	85
8637	7475	14025	16
8639	6494	14025	59
8639	6737	14025	52
8640	8112	14025	66
8641	6687	14025	15
8643	7111	14025	95
8643	7334	14025	60
8646	7738	14025	74
8649	8355	14025	83
8651	7395	14025	79
8651	8537	14025	37
8652	6899	14025	3
8655	8214	14025	49
8659	8143	14025	47
8661	7860	14025	63
8661	8315	14025	34
8662	8073	14025	89
8663	6657	14025	28
8666	7517	14025	76
8667	6556	14025	47
8668	8386	14025	10
8669	6506	14025	7
8669	7203	14025	9
8670	7891	14025	9
8671	7628	14025	89
8673	8043	14025	49
8673	8265	14025	45
8674	6860	14025	66
8676	7750	14025	7
8676	7982	14025	37
8678	7932	14025	48
8683	8508	14025	87
8684	8488	14025	64
8685	7073	14025	62
8686	6587	14025	99
8686	6830	14025	8
8687	7032	14025	33
8688	6780	14025	20
8688	7477	14025	5
8688	7922	14025	81
8690	7427	14025	95
8691	6931	14025	4
8694	7326	14025	74
8695	7548	14025	2
8696	8448	14025	93
8698	7013	14025	41
8700	6740	14025	93
8700	6972	14025	12
8702	7599	14025	69
8703	6902	14025	43
8705	7781	14025	56
8705	8226	14025	38
8707	8186	14025	63
8709	7215	14025	43
8710	7428	14025	66
8711	6720	14025	65
8711	8338	14025	58
8712	7387	14025	18
8713	7812	14025	69
8718	8409	14025	23
8722	6700	14025	81
8722	7155	14025	34
8722	7843	14025	78
8723	8287	14025	69
8725	7539	14025	99
8726	7984	14025	71
8727	6802	14025	97
8728	6559	14025	12
8728	7014	14025	7
8728	7257	14025	58
8732	6933	14025	9
8733	7600	14025	64
8734	6873	14025	100
8736	8450	14025	21
8737	6812	14025	39
8738	7489	14025	82
8740	7196	14025	9
8743	6903	14025	80
8743	7368	14025	4
8744	7803	14025	89
8745	7096	14025	73
8745	8248	14025	21
8746	7065	14025	74
8746	7308	14025	17
8748	6550	14025	33
8748	6792	14025	31
8750	6742	14025	64
8750	6964	14025	48
8750	7439	14025	44
8750	8359	14025	38
8752	7389	14025	25
8752	8309	14025	79
8755	7551	14025	76
8758	8410	14025	23
8759	8168	14025	56
8759	8390	14025	40
8762	8097	14025	24
8763	7359	14025	94
8764	8037	14025	77
8766	6844	14025	32
8766	7986	14025	12
8769	6773	14025	47
8770	6743	14025	89
8771	6723	14025	67
8771	6945	14025	91
8771	7643	14025	70
8773	6682	14025	87
8776	7299	14025	84
8779	7936	14025	77
8781	6966	14025	62
8781	7431	14025	97
8781	8341	14025	18
8782	6925	14025	87
8782	7178	14025	61
8783	8068	14025	21
8787	8432	14025	34
8791	6734	14025	91
8792	7401	14025	39
8792	7866	14025	49
8795	8038	14025	37
8797	7280	14025	4
8797	7745	14025	41
8797	7977	14025	91
8799	8402	14025	29
8800	7452	14025	52
8803	7614	14025	75
8805	7563	14025	89
8806	7321	14025	57
8807	7523	14025	63
8811	7654	14025	2
8812	7412	14025	23
8813	6694	14025	91
8814	7826	14025	86
8818	7048	14025	11
8819	7018	14025	65
8820	7230	14025	79
8820	7918	14025	69
8821	6967	14025	42
8822	6715	14025	52
8824	6907	14025	57
8824	7352	14025	19
8826	8009	14025	23
8829	6796	14025	74
8829	7706	14025	16
8836	7777	14025	6
8839	7251	14025	66
8840	6756	14025	100
8843	6685	14025	84
8849	7949	14025	61
8851	7899	14025	26
8852	6726	14025	61
8853	6938	14025	8
8858	7980	14025	65
8862	7879	14025	23
8864	7606	14025	17
8865	7819	14025	48
8866	6858	14025	54
8866	7091	14025	9
8867	7313	14025	25
8868	6818	14025	17
8868	7748	14025	24
8869	7253	14025	54
8870	7697	14025	62
8874	6677	14025	41
8874	7364	14025	74
8874	8062	14025	94
8875	6899	14025	32
8876	7789	14025	79
8877	7546	14025	82
8879	7031	14025	66
8879	7728	14025	67
8883	6940	14025	94
8885	7132	14025	45
8885	7809	14025	27
8886	7334	14025	57
8891	6748	14025	79
8895	6667	14025	100
8898	6829	14025	12
8898	7294	14025	17
8900	6779	14025	41
8900	7001	14025	32
8902	7426	14025	23
8903	6708	14025	16
8903	7648	14025	51
8903	7861	14025	1
8907	6860	14025	95
8910	7487	14025	20
8911	7214	14025	76
8913	6941	14025	86
8917	6628	14025	79
8919	6577	14025	10
8922	6729	14025	9
8922	6982	14025	99
8925	6901	14025	35
8925	7376	14025	57
8926	6871	14025	13
8926	7811	14025	88
8928	7073	14025	20
8930	7720	14025	5
8931	6760	14025	59
8934	7862	14025	10
8936	6649	14025	70
8939	7033	14025	35
8939	7286	14025	36
8940	6801	14025	90
8943	6710	14025	79
8948	6609	14025	3
8951	7003	14025	92
8952	6741	14025	71
8953	7428	14025	34
8954	6690	14025	74
8957	7337	14025	53
8961	6539	14025	17
8962	6509	14025	59
8969	6590	14025	26
8969	6822	14025	20
8970	6802	14025	43
8970	7267	14025	64
8971	7227	14025	18
8972	7207	14025	81
8973	6954	14025	87
8974	7409	14025	84
8977	6873	14025	69
8983	6742	14025	62
8985	6691	14025	47
8986	6651	14025	33
8988	6621	14025	46
8994	6490	14025	56
8994	6935	14025	58
8996	6904	14025	89
9002	6996	14025	29
9005	6682	14025	43
9007	7097	14025	34
9009	6602	14025	88
9011	6784	14025	15
9012	6531	14025	48
9019	7057	14025	58
9020	6814	14025	73
9022	6541	14025	84
9024	6481	14025	30
9025	6936	14025	38
9030	6572	14025	39
9033	6734	14025	29
9037	6653	14025	92
9038	7088	14025	78
9043	6512	14025	34
9043	6987	14025	10
9045	6462	14025	93
9046	6684	14025	56
9054	6715	14025	45
9056	6917	14025	33
9060	6594	14025	3
9060	7059	14025	96
9064	7190	14025	25
9070	6817	14025	31
9072	6766	14025	27
9076	6928	14025	47
9078	6867	14025	44
9082	6544	14025	5
9083	6989	14025	77
9087	6676	14025	39
9090	6595	14025	47
9094	6737	14025	45
9098	6646	14025	24
9101	6798	14025	42
9102	6778	14025	78
9108	6889	14025	33
9110	6606	14025	92
9120	7061	14025	72
9126	7163	14025	51
9127	6677	14025	63
9128	7122	14025	62
9129	7082	14025	21
9131	7042	14025	48
9134	6738	14025	15
9140	6830	14025	27
9143	6779	14025	28
9158	6901	14025	21
9166	6932	14025	86
9176	6953	14025	86
