4461	1000		
5639	6909	281	14
5652	6142	281	88
5654	6101	281	47
5659	6910	281	12
5659	6920	281	82
5661	6182	281	96
5663	6830	281	88
5669	6213	281	13
5670	6425	281	87
5671	6870	281	41
5673	6132	281	23
5682	6840	281	45
5690	6891	281	18
5694	6801	281	9
5698	6265	281	4
5698	6952	281	53
5701	6184	281	24
5701	6407	281	19
5712	6154	281	50
5716	6296	281	38
5720	6438	281	35
5722	6397	281	65
5722	6873	281	28
5730	6458	281	8
5731	6893	281	86
5736	6317	281	82
5737	6064	281	57
5738	6034	281	30
5738	6267	281	95
5740	5984	281	62
5741	6206	281	71
5741	6418	281	41
5744	6368	281	65
5744	6823	281	33
5746	6783	281	84
5748	6490	281	80
5748	6965	281	19
5749	6944	281	59
5750	6227	281	42
5756	6308	281	27
5758	6733	281	16
5761	6440	281	9
5762	6187	281	21
5763	6389	281	48
5774	6127	281	54
5776	6319	281	77
5776	6774	281	10
5777	6289	281	78
5779	6026	281	28
5780	6916	281	44
5783	6168	281	48
5784	6137	281	56
5788	6744	281	67
5789	6249	281	100
5790	5996	281	3
5797	6077	281	97
5799	6482	281	77
5799	6957	281	98
5800	6472	281	52
5802	6411	281	77
5804	6836	281	48
5805	6350	281	56
5806	6563	281	56
5808	6047	281	15
5810	6229	281	87
5813	6159	281	18
5817	6311	281	23
5818	6988	281	47
5820	6472	281	85
5822	6200	281	69
5822	6432	281	44
5822	6877	281	11
5825	6594	281	44
5827	6089	281	8
5829	6726	281	14
5833	6392	281	99
5833	6635	281	6
5838	6281	281	59
5840	6948	281	22
5841	6686	281	48
5842	6665	281	93
5844	6160	281	10
5846	6807	281	77
5847	6544	281	2
5847	6999	281	27
5848	6049	281	32
5850	6251	281	61
5851	6919	281	11
5853	6413	281	71
5855	6120	281	58
5859	6272	281	12
5860	6009	281	13
5860	6484	281	74
5861	6687	281	15
5863	6869	281	90
5864	6616	281	99
5867	6090	281	88
5867	7010	281	43
5872	6909	281	27
5873	6171	281	24
5874	6151	281	23
5876	6333	281	5
5878	6768	281	5
5879	6738	281	42
5879	6970	281	82
5884	6394	281	94
5890	6253	281	51
5890	6718	281	78
5891	6000	281	43
5892	6668	281	29
5893	6880	281	4
5895	6840	281	13
5896	6122	281	94
5897	6324	281	87
5898	6304	281	67
5900	6496	281	99
5902	5971	281	60
5902	6911	281	36
5905	6365	281	77
5905	6618	281	3
5906	7042	281	46
5908	6759	281	69
5908	7002	281	96
5909	6042	281	71
5910	6264	281	9
5911	6941	281	39
5912	6456	281	17
5913	6891	281	53
5914	6163	281	73
5917	6568	281	42
5920	6022	281	75
5928	6083	281	63
5932	6225	281	21
5939	6983	281	29
5940	6275	281	3
5940	6953	281	23
5941	6245	281	75
5944	6185	281	59
5945	5922	281	37
5945	6144	281	3
5946	6367	281	20
5947	7034	281	16
5949	6296	281	92
5949	6529	281	38
5953	6195	281	46
5956	6832	281	23
5957	6114	281	55
5959	6064	281	76
5961	6479	281	49
5961	6944	281	51
5962	6923	281	68
5963	6438	281	50
5963	6671	281	54
5964	6418	281	33
5964	6651	281	10
5965	7095	281	6
5966	6610	281	27
5968	7025	281	27
5973	6894	281	91
5975	6388	281	12
5975	6398	281	86
5977	5873	281	99
5977	6803	281	97
5978	6783	281	35
5980	6742	281	25
5981	6712	281	77
5981	6945	281	71
5982	6004	281	5
5984	5964	281	26
5984	7117	281	12
5986	6844	281	65
5986	7076	281	66
5989	5833	281	84
5990	6975	281	58
5991	6247	281	36
5997	5884	281	15
5997	7036	281	50
5998	6096	281	43
6004	5965	281	93
6009	6996	281	27
6010	6289	281	93
6011	6723	281	77
6012	6926	281	26
6015	6178	281	74
6016	6147	281	39
6017	6360	281	74
6019	5854	281	42
6019	6552	281	65
6019	7007	281	66
6020	6977	281	21
6023	6906	281	83
6024	6663	281	30
6025	5935	281	64
6026	6603	281	55
6028	6107	281	97
6029	6785	281	54
6031	6047	281	75
6031	6259	281	22
6033	6229	281	23
6034	6209	281	100
6035	6168	281	1
6036	7078	281	75
6041	5805	281	90
6041	6502	281	44
6041	6735	281	89
6042	6017	281	97
6042	6472	281	77
6045	6179	281	1
6046	5916	281	76
6046	6856	281	62
6052	6938	281	68
6054	6200	281	6
6055	6422	281	89
6058	6351	281	80
6060	6058	281	22
6060	6523	281	7
6062	6483	281	56
6063	6453	281	61
6065	5957	281	20
6065	6645	281	93
6068	6817	281	11
6070	6999	281	6
6071	6736	281	71
6074	6666	281	36
6076	6403	281	37
6076	6615	281	90
6076	7090	281	39
6077	6372	281	81
6077	9153	281	76
6078	5887	281	79
6078	6110	281	64
6080	5847	281	20
6081	5817	281	40
6081	6969	281	33
6082	5796	281	56
6085	6423	281	57
6086	6868	281	10
6087	6150	281	54
6088	6130	281	44
6089	6322	281	57
6090	6777	281	78
6093	6474	281	26
6094	5989	281	19
6097	7071	281	67
6098	6808	281	88
6102	6950	281	28
6105	6424	281	74
6106	6394	281	52
6106	7102	281	13
6108	5899	281	41
6109	6091	281	19
6110	7011	281	19
6111	6050	281	39
6111	6293	281	69
6114	5767	281	28
6114	5990	281	72
6115	6667	281	7
6116	6637	281	51
6116	9195	281	66
6117	6607	281	98
6118	9144	281	39
6120	5859	281	1
6120	6536	281	40
6121	6759	281	2
6122	6506	281	21
6123	6253	281	30
6123	6708	281	88
6124	7608	281	94
6126	5940	281	61
6126	6172	281	26
6127	6850	281	89
6128	7527	281	13
6131	6991	281	98
6133	6951	281	92
6134	5758	281	16
6135	6901	281	62
6135	9206	281	52
6136	7103	281	15
6139	6335	281	17
6141	6072	281	67
6141	6304	281	74
6141	9064	281	72
6142	6042	281	52
6142	7659	281	32
6143	6476	281	58
6143	7639	281	22
6145	9671	281	50
6146	5708	281	53
6146	7579	281	77
6147	5931	281	81
6147	6628	281	93
6147	7073	281	4
6148	6841	281	7
6149	7498	281	61
6150	6325	281	23
6150	6548	281	79
6151	5840	281	59
6153	5800	281	36
6154	6689	281	10
6154	7144	281	48
6155	5982	281	10
6156	7346	281	20
6158	5901	281	20
6158	9601	281	76
6159	5648	281	64
6159	6113	281	51
6160	6791	281	99
6161	6295	281	47
6161	7468	281	49
6162	6508	281	93
6164	6457	281	96
6166	6892	281	87
6166	7114	281	78
6167	7327	281	69
6169	7034	281	99
6172	6053	281	7
6172	6973	281	50
6173	9258	281	32
6174	6458	281	41
6174	7165	281	89
6176	5730	281	65
6176	5962	281	45
6176	7580	281	12
6176	9662	281	40
6177	6862	281	23
6177	7550	281	15
6177	9167	281	77
6180	6802	281	41
6181	5841	281	57
6181	7459	281	86
6182	6519	281	59
6182	6751	281	91
6183	9046	281	56
6184	5781	281	5
6185	6903	281	30
6185	8520	281	46
6186	6428	281	8
6187	6397	281	32
6189	6590	281	30
6189	7277	281	55
6190	5862	281	31
6190	6327	281	65
6190	6559	281	85
6190	9562	281	16
6191	7237	281	57
6193	6964	281	69
6193	7661	281	75
6196	6651	281	28
6196	9198	281	18
6199	5670	281	88
6199	7055	281	60
6200	7500	281	95
6201	6782	281	24
6201	9320	281	100
6202	7450	281	56
6204	6247	281	96
6204	7409	281	79
6204	9724	281	19
6206	9674	281	16
6207	6166	281	57
6208	6853	281	20
6209	8441	281	77
6209	9361	281	27
6210	5863	281	57
6210	9108	281	39
6211	7005	281	22
6212	6297	281	25
6213	5802	281	11
6213	6955	281	65
6215	5984	281	92
6215	6692	281	6
6215	7602	281	81
6217	5701	281	50
6217	5944	281	59
6217	7329	281	25
6217	7571	281	18
6218	6621	281	63
6218	7531	281	72
6219	5903	281	7
6219	9604	281	63
6223	6490	281	9
6224	7643	281	74
6225	8532	281	65
6225	9230	281	7
6227	7107	281	70
6228	9159	281	73
6232	9068	281	100
6233	5803	281	34
6233	7431	281	18
6234	5793	281	22
6234	6723	281	77
6234	6935	281	57
6235	6460	281	42
6236	6430	281	61
6236	7138	281	97
6238	6390	281	80
6239	6834	281	70
6239	7057	281	63
6239	7522	281	1
6240	9807	281	20
6241	5854	281	37
6241	6774	281	17
6241	9089	281	6
6245	6218	281	91
6245	8553	281	71
6245	8998	281	53
6246	7360	281	81
6247	9190	281	22
6248	8483	281	46
6249	5672	281	17
6249	6137	281	4
6249	6380	281	21
6250	6582	281	49
6250	9362	281	80
6250	9595	281	92
6251	6552	281	20
6251	7017	281	46
6252	8392	281	24
6253	6047	281	49
6253	6279	281	69
6254	6249	281	70
6256	5966	281	75
6256	6663	281	3
6256	9686	281	53
6257	6411	281	50
6258	6623	281	59
6258	7563	281	78
6259	5915	281	94
6259	8463	281	44
6262	6997	281	33
6262	9535	281	95
6262	9545	281	1
6263	6057	281	10
6263	9050	281	50
6266	6219	281	96
6266	7604	281	95
6267	5946	281	78
6269	9838	281	48
6270	7038	281	68
6270	7513	281	62
6270	9596	281	35
6272	5835	281	24
6272	9768	281	8
6273	8363	281	34
6273	9293	281	34
6274	6715	281	13
6275	5997	281	56
6276	6907	281	3
6277	6199	281	40
6277	7119	281	92
6277	7342	281	73
6277	8979	281	32
6277	9424	281	50
6278	5694	281	26
6278	9182	281	58
6280	6584	281	48
6280	7271	281	14
6280	9141	281	6
6281	6341	281	44
6282	7463	281	8
6282	8393	281	74
6283	7433	281	80
6283	9061	281	44
6285	8565	281	83
6285	9010	281	13
6285	9253	281	7
6286	6675	281	59
6287	8515	281	48
6287	9667	281	81
6288	6169	281	27
6288	7099	281	75
6289	5684	281	62
6289	6382	281	21
6289	8464	281	40
6291	6786	281	94
6292	6089	281	11
6292	6999	281	68
6293	7666	281	24
6294	6038	281	76
6295	6483	281	78
6295	8323	281	99
6295	9476	281	92
6296	7605	281	53
6298	9415	281	2
6299	6150	281	51
6299	7535	281	2
6300	5887	281	72
6300	6817	281	92
6302	6534	281	49
6302	7242	281	63
6306	6443	281	15
6306	8991	281	43
6311	7040	281	18
6312	9325	281	58
6313	6757	281	91
6313	9527	281	10
6314	9284	281	6
6315	8567	281	65
6317	5968	281	14
6317	6191	281	31
6317	6888	281	47
6317	7353	281	69
6317	9436	281	99
6318	7556	281	78
6318	8263	281	7
6319	6383	281	74
6320	5898	281	19
6320	6595	281	2
6320	8445	281	32
6320	9143	281	51
6320	9841	281	4
6321	6333	281	38
6322	7485	281	42
6322	9093	281	17
6323	6757	281	33
6323	6980	281	45
6323	8152	281	43
6324	6262	281	4
6324	8587	281	39
6325	6717	281	25
6326	6222	281	91
6326	7607	281	54
6327	8294	281	8
6328	7334	281	90
6329	6626	281	40
6329	7091	281	10
6331	6576	281	80
6331	9346	281	59
6332	7010	281	8
6332	9801	281	12
6333	9770	281	4
6334	8133	281	37
6334	8355	281	5
6335	9497	281	76
6338	5949	281	2
6338	6404	281	15
6339	5919	281	41
6339	6151	281	70
6339	9872	281	16
6340	7536	281	74
6340	9619	281	99
6341	9589	281	41
6342	5868	281	55
6342	6556	281	80
6342	6778	281	46
6343	8143	281	34
6344	7193	281	17
6344	7668	281	44
6346	5990	281	67
6346	9478	281	37
6348	6415	281	20
6349	8952	281	65
6350	7072	281	76
6351	6819	281	47
6352	6324	281	78
6352	8416	281	97
6353	5829	281	70
6353	8609	281	93
6353	9316	281	22
6354	6041	281	52
6355	6961	281	94
6356	6688	281	4
6356	7386	281	85
6357	7143	281	76
6357	7375	281	73
6357	7608	281	65
6357	8518	281	37
6357	8528	281	22
6358	8265	281	13
6358	9205	281	1
6359	8023	281	37
6359	9165	281	74
6360	5900	281	76
6360	8922	281	6
6361	9357	281	53
6362	7264	281	41
6362	8184	281	83
6362	9114	281	77
6364	7669	281	69
6365	6254	281	79
6367	8983	281	55
6367	9216	281	82
6368	6891	281	67
6368	9438	281	17
6369	6628	281	16
6370	6365	281	40
6370	7063	281	31
6370	7770	281	78
6371	8427	281	11
6373	7235	281	24
6373	7467	281	11
6373	9075	281	95
6375	9044	281	35
6376	8327	281	97
6376	9712	281	26
6377	6921	281	30
6377	7376	281	82
6378	6183	281	19
6380	6153	281	50
6380	7993	281	93
6380	8458	281	3
6380	9398	281	32
6380	9621	281	53
6381	5900	281	7
6381	6345	281	84
6381	6598	281	79
6382	7720	281	55
6382	7963	281	63
6383	7013	281	95
6384	9540	281	56
6385	8115	281	83
6386	7852	281	54
6389	8944	281	1
6392	6093	281	41
6392	6113	281	25
6392	6326	281	7
6392	6791	281	40
6393	5850	281	89
6393	9328	281	14
6393	9793	281	94
6395	6275	281	94
6395	7650	281	98
6395	9055	281	18
6396	8338	281	20
6396	8570	281	58
6396	9480	281	39
6397	6912	281	38
6397	8540	281	66
6398	7124	281	55
6399	8479	281	56
6399	9652	281	80
6400	6609	281	64
6400	9167	281	77
6401	7276	281	90
6401	9834	281	12
6402	6569	281	43
6402	9126	281	98
6404	6053	281	99
6404	6993	281	3
6404	7913	281	20
6406	6478	281	48
6406	6720	281	94
6407	6225	281	16
6407	7620	281	38
6407	8065	281	69
6407	9005	281	77
6408	5972	281	16
6408	7357	281	43
6408	7833	281	46
6408	8288	281	16
6409	7095	281	81
6410	7772	281	57
6411	6822	281	33
6411	7519	281	76
6412	8429	281	86
6414	6751	281	45
6414	7226	281	99
6415	5811	281	97
6415	7196	281	75
6415	7418	281	72
6416	8096	281	86
6416	9491	281	20
6418	8510	281	22
6419	6175	281	28
6420	9855	281	97
6423	7712	281	54
6424	6307	281	45
6424	8389	281	55
6425	7894	281	24
6426	9714	281	88
6427	6236	281	12
6427	9229	281	98
6429	7803	281	59
6431	6135	281	56
6431	9370	281	51
6431	9613	281	71
6432	5882	281	57
6432	6802	281	16
6433	6095	281	38
6433	7025	281	63
6434	9320	281	96
6437	7146	281	34
6438	6914	281	51
6438	7369	281	20
6438	8066	281	41
6438	9674	281	88
6439	5954	281	76
6439	6419	281	36
6439	8279	281	71
6439	8966	281	86
6440	8006	281	8
6441	6368	281	84
6441	6611	281	33
6441	9846	281	27
6442	7743	281	91
6442	7966	281	72
6442	8208	281	92
6442	9128	281	36
6443	5863	281	21
6443	8168	281	93
6443	9108	281	34
6446	8582	281	25
6447	6004	281	18
6448	7127	281	77
6448	8532	281	46
6448	8997	281	58
6450	7561	281	64
6450	8239	281	79
6450	9401	281	97
6452	6813	281	19
6453	7026	281	81
6453	7491	281	58
6454	6308	281	44
6454	8623	281	34
6455	6520	281	82
6456	6035	281	88
6456	6268	281	75
6456	8340	281	63
6457	6692	281	95
6457	7855	281	13
6457	8553	281	72
6458	6450	281	11
6458	7612	281	23
6459	6885	281	88
6459	8280	281	15
6460	5924	281	37
6460	7329	281	58
6461	7067	281	51
6464	9321	281	15
6465	5823	281	75
6465	6986	281	8
6466	6733	281	89
6466	7188	281	70
6466	9513	281	22
6467	6470	281	22
6469	8502	281	52
6470	6622	281	5
6471	6137	281	22
6471	6835	281	72
6472	7744	281	82
6472	9605	281	34
6473	6562	281	33
6475	9534	281	3
6477	6936	281	3
6477	7168	281	35
6477	7401	281	64
6477	8088	281	88
6479	6188	281	67
6479	7118	281	52
6479	7826	281	97
6480	7330	281	89
6481	6855	281	96
6481	8240	281	5
6482	8432	281	80
6482	8897	281	80
6483	8190	281	73
6484	5844	281	7
6484	6309	281	91
6484	7229	281	30
6484	7694	281	35
6485	6512	281	17
6485	9302	281	1
6486	8119	281	94
6488	6906	281	43
6488	7614	281	32
6488	8999	281	18
6488	9241	281	98
6488	9454	281	6
6491	6380	281	79
6492	7513	281	25
6493	6108	281	71
6493	9575	281	80
6494	9788	281	39
6496	6037	281	56
6496	6047	281	17
6496	8585	281	82
6497	6472	281	95
6498	6684	281	32
6498	8544	281	41
6499	5976	281	16
6499	8514	281	88
6500	7341	281	79
6500	7806	281	62
6500	8029	281	83
6501	9394	281	68
6503	5886	281	14
6503	9343	281	52
6504	6775	281	77
6506	9050	281	57
6506	9283	281	63
6507	7645	281	99
6507	9717	281	14
6510	6169	281	19
6510	6422	281	61
6510	9192	281	30
6511	5936	281	28
6511	6846	281	3
6511	8464	281	29
6512	6129	281	14
6512	7069	281	67
6513	7028	281	29
6513	8424	281	67
6514	6088	281	5
6514	6553	281	19
6514	7008	281	51
6514	7948	281	72
6514	9101	281	39
6515	6523	281	93
6515	7453	281	32
6516	7898	281	8
6516	8585	281	63
6517	5795	281	56
6517	8565	281	43
6518	6928	281	38
6518	8313	281	34
6519	6442	281	71
6519	9667	281	67
6520	5957	281	70
6521	8929	281	12
6522	7757	281	40
6523	6109	281	21
6525	6291	281	10
6525	7686	281	42
6526	9526	281	8
6527	6716	281	72
6527	7181	281	79
6528	5998	281	16
6528	6240	281	36
6528	7626	281	15
6528	7848	281	68
6529	5735	281	50
6529	5755	281	81
6529	6898	281	72
6529	8980	281	46
6530	7575	281	21
6530	9648	281	97
6531	9860	281	53
6532	5907	281	20
6532	6827	281	31
6532	8212	281	58
6533	9132	281	16
6533	9597	281	90
6535	6989	281	100
6535	8384	281	13
6536	5806	281	11
6538	8091	281	71
6540	6656	281	11
6540	7808	281	62
6541	6393	281	14
6541	7090	281	2
6541	7323	281	89
6542	6605	281	79
6543	6352	281	52
6544	7485	281	88
6545	9557	281	88
6546	8142	281	85
6546	9759	281	57
6548	6009	281	43
6548	9244	281	52
6549	5979	281	83
6550	8051	281	56
6551	5928	281	44
6551	9173	281	79
6552	8456	281	60
6553	6575	281	99
6553	7980	281	31
6554	8173	281	87
6554	8880	281	90
6555	5847	281	60
6555	6070	281	16
6555	9325	281	49
6556	9052	281	34
6558	6464	281	47
6559	5757	281	86
6559	6687	281	99
6559	6899	281	41
6560	6191	281	66
6561	9871	281	36
6561	9881	281	47
6562	7758	281	15
6563	6808	281	64
6565	7465	281	56
6565	7708	281	81
6565	8395	281	78
6565	8618	281	33
6566	6525	281	16
6566	6748	281	62
6566	6980	281	29
6566	9528	281	80
6567	6252	281	23
6567	8578	281	51
6567	8820	281	30
6568	6930	281	52
6568	8315	281	49
6569	7152	281	18
6569	9457	281	37
6570	6434	281	89
6572	7082	281	21
6572	7314	281	52
6572	8012	281	84
6573	5889	281	59
6573	7041	281	74
6573	7516	281	59
6573	9134	281	43
6573	9609	281	81
6574	7253	281	23
6574	9569	281	77
6575	9316	281	86
6576	7921	281	44
6577	6960	281	87
6577	7203	281	56
6577	7880	281	42
6578	6020	281	80
6578	7638	281	100
6578	9255	281	19
6579	6212	281	87
6580	7345	281	96
6580	8285	281	91
6581	5950	281	3
6581	7790	281	81
6581	9640	281	7
6582	6162	281	41
6583	6354	281	66
6583	9144	281	21
6583	9842	281	30
6584	6566	281	55
6584	8417	281	14
6585	7001	281	88
6587	6728	281	47
6587	8589	281	79
6588	7396	281	87
6589	5758	281	80
6589	9003	281	98
6590	7578	281	31
6590	7820	281	27
6590	9205	281	47
6591	6405	281	10
6591	6880	281	97
6591	8023	281	10
6596	6304	281	16
6596	8619	281	97
6596	8832	281	3
6596	9297	281	37
6597	5809	281	66
6597	7659	281	48
6597	9752	281	100
6599	6456	281	30
6599	6678	281	57
6599	7851	281	23
6599	9701	281	94
6600	6436	281	38
6600	6901	281	58
6600	8518	281	72
6601	6638	281	28
6602	6153	281	65
6602	7093	281	45
6602	8235	281	6
6604	7740	281	5
6605	8640	281	21
6605	8872	281	41
6605	9792	281	59
6606	8377	281	37
6607	6497	281	65
6607	8134	281	5
6608	6244	281	49
6608	7417	281	49
6608	8104	281	37
6609	5991	281	16
6609	8317	281	44
6611	7336	281	63
6612	7781	281	9
6612	9621	281	10
6613	6598	281	70
6613	7983	281	20
6614	7730	281	43
6615	6083	281	5
6615	6548	281	26
6616	7458	281	65
6616	7923	281	55
6617	6275	281	42
6617	6730	281	35
6617	7892	281	44
6617	9520	281	53
6618	6012	281	21
6619	8539	281	72
6620	6912	281	78
6620	7144	281	3
6620	7367	281	52
6620	7832	281	22
6621	6881	281	94
6621	8954	281	23
6622	6164	281	57
6622	7549	281	29
6622	8469	281	45
6622	9864	281	89
6623	6841	281	73
6623	7064	281	20
6624	9369	281	78
6625	7256	281	86
6625	8631	281	45
6626	9075	281	36
6626	9308	281	13
6627	9278	281	15
6628	7873	281	27
6630	6205	281	99
6631	8277	281	74
6631	9197	281	9
6632	9632	281	59
6634	8429	281	1
6635	6326	281	99
6635	9116	281	74
6635	9571	281	93
6636	6306	281	21
6636	8854	281	93
6637	6043	281	4
6637	8358	281	64
6638	6963	281	98
6638	7408	281	83
6638	9966	281	75
6639	9713	281	72
6640	7600	281	63
6640	8308	281	80
6640	8995	281	34
6642	6852	281	33
6643	7994	281	29
6644	6124	281	14
6644	6357	281	10
6644	6812	281	32
6644	7044	281	24
6645	6326	281	7
6646	6761	281	18
6647	9531	281	57
6649	7631	281	28
6651	6428	281	72
6651	7125	281	87
6653	7773	281	39
6653	8470	281	11
6654	7510	281	58
6654	7752	281	1
6654	8895	281	4
6655	8652	281	50
6657	6742	281	5
6657	7682	281	18
6657	8612	281	49
6659	6711	281	52
6660	9916	281	68
6661	6651	281	95
6661	8511	281	25
6663	6610	281	43
6663	6843	281	11
6663	7308	281	20
6663	9633	281	3
6664	7278	281	25
6664	8430	281	98
6664	9370	281	9
6665	7712	281	2
6666	9775	281	20
6667	6995	281	58
6667	8147	281	11
6667	9997	281	72
6668	6489	281	13
6669	6004	281	38
6669	8562	281	82
6669	9259	281	99
6670	6216	281	98
6670	6459	281	65
6670	7146	281	39
6670	9472	281	30
6670	9684	281	65
6671	7581	281	99
6672	8956	281	87
6673	8238	281	55
6674	7046	281	64
6674	7521	281	94
6674	9826	281	50
6675	6793	281	71
6676	8623	281	84
6677	6065	281	97
6677	7440	281	11
6677	7905	281	30
6678	6035	281	16
6678	6732	281	63
6678	9058	281	25
6680	7834	281	68
6681	6894	281	33
6682	6176	281	5
6683	9169	281	78
6684	7299	281	34
6685	6581	281	49
6685	8886	281	63
6688	6278	281	31
6688	8825	281	71
6689	6005	281	30
6689	7178	281	83
6689	9725	281	18
6690	7845	281	99
6691	7370	281	51
6691	8512	281	20
6691	9442	281	35
6692	7794	281	59
6692	8967	281	62
6693	8239	281	68
6693	8694	281	58
6694	7511	281	2
6695	6804	281	79
6696	8856	281	2
6697	7916	281	66
6700	6683	281	89
6700	8310	281	46
6701	7593	281	56
6704	6137	281	31
6704	7765	281	37
6704	8442	281	35
6704	8917	281	27
6705	6107	281	76
6705	7047	281	44
6706	6087	281	84
6706	10019	281	35
6707	8624	281	19
6708	9049	281	74
6709	7866	281	85
6710	8543	281	25
6711	7138	281	84
6711	9918	281	11
6712	6410	281	63
6712	7108	281	94
6713	5935	281	86
6713	9635	281	61
6715	6117	281	46
6715	9595	281	81
6716	6562	281	20
6716	7017	281	94
6716	9342	281	50
6717	6754	281	58
6717	8382	281	96
6718	6037	281	64
6718	7209	281	13
6718	8827	281	36
6720	6229	281	12
6720	6471	281	52
6720	7169	281	66
6720	8786	281	83
6720	9484	281	77
6721	8999	281	56
6722	8736	281	35
6723	7088	281	90
6723	9403	281	84
6724	7078	281	6
6725	5895	281	28
6725	6350	281	43
6726	7948	281	52
6727	6300	281	73
6727	7240	281	29
6727	7685	281	61
6727	9788	281	9
6729	7644	281	33
6729	7887	281	5
6730	8554	281	91
6731	6452	281	58
6731	6906	281	85
6732	5956	281	95
6733	6158	281	74
6733	7331	281	58
6733	9171	281	34
6734	6138	281	17
6734	7058	281	96
6734	9151	281	97
6734	9838	281	42
6736	7261	281	56
6737	6543	281	40
6737	7473	281	56
6738	6058	281	38
6738	6967	281	11
6738	9283	281	82
6739	6502	281	4
6739	9727	281	88
6740	6705	281	59
6740	6937	281	68
6740	7857	281	86
6742	6199	281	68
6742	7817	281	76
6743	8252	281	24
6744	8009	281	19
6745	7504	281	79
6746	6786	281	62
6746	7018	281	35
6746	9101	281	68
6746	10041	281	24
6748	8363	281	21
6748	9061	281	38
6749	7190	281	66
6749	7645	281	95
6749	9040	281	88
6750	6250	281	4
6751	7140	281	14
6751	8535	281	40
6752	6655	281	5
6752	7110	281	17
6752	7585	281	23
6752	9425	281	26
6753	6857	281	38
6753	9647	281	13
6754	9859	281	3
6755	5886	281	13
6756	7959	281	1
6756	8889	281	51
6756	9354	281	27
6757	6999	281	85
6757	7696	281	63
6757	9779	281	13
6758	6756	281	69
6759	8121	281	7
6760	6473	281	59
6760	8778	281	23
6760	9253	281	78
6762	9213	281	34
6764	5927	281	29
6764	6837	281	33
6764	7080	281	81
6764	8930	281	83
6764	9627	281	80
6765	7282	281	54
6766	9577	281	37
6767	7929	281	71
6769	6271	281	41
6769	7191	281	28
6769	7434	281	66
6770	6939	281	72
6770	7869	281	72
6770	8324	281	19
6773	8728	281	6
6774	6160	281	20
6774	9395	281	37
6776	7960	281	99
6777	6322	281	52
6777	7020	281	1
6777	7485	281	2
6777	8860	281	28
6778	5837	281	92
6779	8354	281	46
6780	9962	281	48
6781	8779	281	55
6782	9669	281	93
6783	7343	281	73
6783	7798	281	21
6783	8274	281	12
6783	8486	281	82
6784	7556	281	6
6785	6595	281	83
6785	9153	281	33
6786	8658	281	25
6786	9345	281	72
6786	9810	281	79
6787	7708	281	21
6788	6060	281	50
6788	9072	281	50
6789	6040	281	73
6790	6009	281	6
6790	7415	281	29
6790	8567	281	23
6791	6697	281	45
6791	7162	281	40
6791	8547	281	23
6792	5979	281	16
6792	9912	281	98
6794	7324	281	79
6795	6141	281	73
6797	6545	281	48
6797	8396	281	50
6798	7920	281	24
6799	7435	281	66
6799	8588	281	83
6800	7648	281	91
6800	8113	281	68
6800	8790	281	26
6800	9720	281	38
6801	9467	281	82
6802	6434	281	7
6802	6899	281	28
6803	6657	281	5
6804	5939	281	100
6804	6617	281	7
6805	6131	281	58
6805	7991	281	29
6805	8922	281	83
6806	7051	281	91
6806	7274	281	92
6807	9114	281	83
6807	10034	281	77
6808	6303	281	96
6808	7223	281	82
6809	7203	281	47
6809	9296	281	98
6810	6718	281	54
6810	8345	281	75
6810	9023	281	14
6812	7132	281	84
6813	6182	281	55
6815	5899	281	87
6815	6152	281	67
6815	6364	281	17
6817	7476	281	9
6819	9761	281	84
6819	9984	281	97
6821	7618	281	41
6822	8750	281	33
6822	8983	281	89
6824	5940	281	7
6824	9873	281	84
6825	8690	281	77
6826	7962	281	76
6826	9135	281	22
6827	5859	281	73
6827	6557	281	9
6827	7032	281	24
6827	8174	281	67
6828	6769	281	23
6828	7012	281	96
6828	8629	281	49
6829	6294	281	17
6829	7902	281	86
6829	8124	281	36
6829	8377	281	23
6829	8832	281	48
6830	7416	281	31
6830	8801	281	5
6831	6466	281	55
6833	7588	281	92
6833	8053	281	89
6833	9661	281	34
6834	7548	281	89
6835	7305	281	88
6835	9610	281	47
6835	9843	281	18
6836	6123	281	89
6836	8215	281	95
6836	8893	281	78
6838	9085	281	97
6838	9560	281	15
6839	6527	281	45
6840	6254	281	83
6840	9044	281	83
6841	9934	281	6
6842	8771	281	49
6843	7356	281	38
6843	8276	281	78
6843	8519	281	47
6843	9904	281	36
6844	8013	281	77
6844	8478	281	30
6845	5921	281	36
6845	6143	281	79
6845	9388	281	56
6846	7751	281	45
6846	8216	281	50
6846	8681	281	19
6847	6093	281	12
6847	7953	281	74
6848	7013	281	51
6848	7710	281	3
6848	10015	281	31
6849	6052	281	100
6849	8378	281	57
6850	6487	281	61
6850	8570	281	71
6851	6002	281	30
6852	6689	281	16
6852	7599	281	67
6852	7619	281	88
6852	7842	281	61
6853	8752	281	22
6854	5951	281	97
6854	9874	281	95
6855	7316	281	91
6855	8934	281	39
6856	6831	281	32
6856	7064	281	77
6856	7519	281	24
6857	6336	281	34
6857	6801	281	69
6857	9338	281	2
6858	6305	281	86
6858	7478	281	76
6859	6528	281	22
6860	6740	281	97
6862	9237	281	90
6863	6205	281	49
6863	6670	281	2
6864	8257	281	92
6864	8499	281	18
6864	8712	281	25
6866	9834	281	12
6867	6579	281	96
6867	7034	281	9
6867	7266	281	34
6868	9784	281	99
6870	7671	281	88
6872	7155	281	93
6873	6903	281	26
6875	6397	281	76
6875	7085	281	18
6877	5882	281	81
6877	8419	281	58
6879	7216	281	49
6879	8146	281	97
6880	7894	281	87
6881	6246	281	56
6881	7408	281	44
6882	6448	281	76
6882	9471	281	8
6883	7590	281	89
6883	8743	281	2
6884	6408	281	64
6884	7803	281	21
6885	5922	281	64
6885	6610	281	83
6886	7762	281	26
6887	7035	281	34
6888	5862	281	34
6888	7237	281	12
6889	6539	281	46
6889	6762	281	72
6889	8834	281	2
6890	6277	281	99
6890	9512	281	22
6891	6954	281	34
6891	9026	281	81
6892	6469	281	4
6892	7166	281	36
6892	8541	281	94
6893	6216	281	48
6893	8056	281	72
6893	8986	281	24
6894	6418	281	49
6894	7348	281	58
6894	8278	281	37
6894	8956	281	34
6895	7540	281	77
6896	6135	281	39
6896	9158	281	50
6896	10078	281	90
6897	8885	281	26
6897	9583	281	100
6898	5862	281	87
6898	7470	281	15
6899	6985	281	49
6899	7915	281	5
6900	8127	281	97
6900	8370	281	96
6900	8592	281	88
6900	9987	281	23
6901	6722	281	7
6902	9694	281	65
6903	5974	281	99
6904	8259	281	14
6904	9421	281	51
6904	9664	281	4
6906	7056	281	96
6906	9603	281	69
6907	6338	281	64
6907	6358	281	72
6907	7268	281	39
6908	7713	281	87
6908	8410	281	43
6909	6065	281	36
6909	10018	281	73
6910	6520	281	82
6912	8097	281	15
6913	6449	281	54
6913	6914	281	68
6913	7137	281	68
6914	9189	281	8
6915	6389	281	38
6915	6621	281	58
6915	6854	281	78
6916	8451	281	41
6917	6591	281	97
6917	7966	281	51
6917	9119	281	22
6917	9826	281	32
6918	7026	281	52
6918	8178	281	7
6918	9331	281	61
6920	7208	281	3
6920	7430	281	73
6920	8825	281	22
6920	9513	281	47
6921	7885	281	85
6921	9260	281	53
6922	6005	281	83
6922	6227	281	11
6922	6692	281	34
6922	8330	281	27
6923	7380	281	3
6923	7845	281	75
6924	9897	281	33
6925	8027	281	61
6927	7744	281	99
6927	10069	281	8
6929	9776	281	35
6929	10009	281	28
6930	7673	281	85
6931	7178	281	34
6931	9726	281	12
6934	7340	281	72
6935	5945	281	26
6935	6410	281	34
6935	7107	281	99
6935	8260	281	40
6936	7077	281	92
6936	8462	281	92
6937	5905	281	42
6937	6127	281	84
6937	7057	281	40
6939	7472	281	5
6939	9554	281	79
6940	8381	281	45
6941	6491	281	33
6941	7644	281	12
6942	6926	281	85
6942	8088	281	73
6943	8523	281	53
6945	6178	281	15
6945	8948	281	64
6946	6855	281	75
6947	7280	281	16
6948	6330	281	76
6948	6572	281	94
6948	9110	281	3
6949	7229	281	84
6950	6289	281	69
6950	8604	281	12
6951	6259	281	37
6951	7654	281	61
6953	6229	281	72
6953	6674	281	86
6953	8989	281	12
6954	7361	281	56
6955	6633	281	95
6955	8493	281	23
6955	9888	281	2
6956	8231	281	21
6956	8706	281	39
6957	6370	281	57
6959	7695	281	87
6960	6057	281	54
6960	8837	281	62
6961	6957	281	43
6962	6482	281	54
6962	7867	281	27
6962	9960	281	70
6964	9212	281	35
6966	6846	281	69
6967	6128	281	1
6967	7513	281	79
6967	7978	281	28
6967	9849	281	20
6968	8201	281	93
6968	8666	281	34
6969	8393	281	8
6972	7412	281	34
6973	5987	281	16
6973	7625	281	37
6973	8070	281	58
6974	7129	281	70
6975	7342	281	2
6975	9414	281	35
6976	7787	281	30
6976	8929	281	6
6976	9172	281	15
6977	7291	281	44
6980	6988	281	96
6980	8151	281	46
6980	9778	281	52
6981	8131	281	12
6981	9283	281	36
6982	6948	281	34
6983	9708	281	76
6984	8282	281	49
6984	8990	281	73
6986	7555	281	1
6987	7059	281	79
6988	6584	281	78
6988	7039	281	52
6988	8192	281	53
6989	6776	281	58
6989	7019	281	9
6989	8646	281	93
6989	9334	281	91
6990	6524	281	97
6990	8606	281	13
6992	7191	281	79
6992	9041	281	52
6993	6241	281	16
6993	8778	281	78
6993	9698	281	95
6994	5968	281	70
6994	6433	281	79
6994	8060	281	35
6995	6413	281	40
6995	9900	281	71
6997	5907	281	84
6997	9142	281	84
6998	5887	281	76
6998	7747	281	89
6999	7242	281	5
6999	7939	281	55
7000	7697	281	41
7001	8829	281	96
7002	7646	281	29
7002	8566	281	19
7003	8091	281	93
7004	7141	281	40
7005	7818	281	67
7006	6170	281	69
7007	6373	281	22
7007	9395	281	92
7008	7505	281	53
7008	9830	281	95
7009	7727	281	4
7009	8415	281	44
7009	8870	281	71
7010	6535	281	30
7010	7455	281	33
7010	8152	281	33
7010	10002	281	85
7011	7899	281	25
7011	8132	281	59
7012	6494	281	18
7012	6949	281	63
7012	8344	281	65
7013	6696	281	74
7013	7616	281	80
7013	9942	281	39
7014	6666	281	43
7014	9466	281	13
7015	6878	281	79
7015	9436	281	13
7016	6626	281	46
7016	7566	281	57
7016	8021	281	52
7017	6141	281	54
7017	6373	281	54
7017	7303	281	83
7018	8446	281	5
7019	7960	281	91
7020	9083	281	29
7021	7667	281	73
7021	9538	281	10
7022	8587	281	83
7022	8800	281	80
7023	7172	281	84
7024	8759	281	40
7025	6202	281	96
7025	6889	281	97
7025	8274	281	15
7026	7789	281	82
7026	8476	281	53
7026	8709	281	18
7027	5908	281	92
7027	7526	281	43
7027	8224	281	60
7030	7243	281	15
7031	6060	281	11
7031	6748	281	46
7031	7223	281	3
7032	6263	281	62
7032	6970	281	71
7033	8315	281	84
7034	5990	281	38
7034	6455	281	15
7034	8537	281	92
7034	9225	281	70
7035	7132	281	57
7037	8932	281	41
7037	9852	281	86
7038	6586	281	61
7039	6111	281	65
7039	9346	281	26
7040	6313	281	93
7040	6778	281	46
7041	9771	281	47
7042	8113	281	36
7042	8346	281	55
7042	9276	281	57
7042	9731	281	38
7043	6020	281	84
7043	6485	281	73
7045	7365	281	68
7046	7325	281	26
7046	7800	281	22
7046	9417	281	94
7046	9882	281	84
7048	7062	281	75
7048	7982	281	87
7048	8679	281	46
7049	6334	281	86
7049	9579	281	26
7049	10034	281	36
7050	7931	281	20
7052	8589	281	99
7052	9519	281	7
7053	6931	281	28
7053	7638	281	15
7053	7861	281	29
7054	6223	281	96
7054	8993	281	34
7055	5970	281	75
7055	8508	281	61
7055	9913	281	64
7057	6617	281	49
7057	8245	281	37
7058	6132	281	49
7058	8437	281	16
7059	7275	281	70
7059	8195	281	86
7060	8407	281	27
7061	6072	281	81
7061	6294	281	63
7061	6517	281	10
7061	6759	281	46
7062	6264	281	5
7063	7396	281	98
7063	9256	281	45
7064	7609	281	45
7065	6891	281	35
7065	8063	281	37
7065	8741	281	32
7065	9681	281	9
7066	5951	281	79
7067	8013	281	9
7067	9398	281	33
7068	7750	281	98
7069	9813	281	42
7070	7700	281	80
7070	8872	281	2
7071	6062	281	90
7071	7225	281	26
7072	8812	281	90
7072	9752	281	74
7073	6012	281	85
7073	9024	281	5
7073	10187	281	98
7074	9924	281	7
7075	6669	281	69
7075	8761	281	83
7077	6153	281	12
7077	6386	281	56
7077	6861	281	70
7077	7538	281	16
7077	10106	281	9
7078	5901	281	58
7078	6831	281	76
7078	9843	281	27
7079	9126	281	45
7080	6548	281	63
7080	9095	281	89
7081	6993	281	37
7082	7427	281	81
7082	9065	281	87
7082	9298	281	3
7084	5992	281	90
7084	6467	281	33
7084	7154	281	23
7085	5972	281	18
7085	6679	281	37
7085	7377	281	44
7085	8287	281	18
7086	7802	281	99
7086	8499	281	60
7086	9187	281	71
7088	9379	281	45
7089	6578	281	22
7089	9581	281	41
7090	6083	281	80
7090	7013	281	96
7090	7488	281	76
7092	6740	281	55
7092	9996	281	17
7094	6235	281	84
7094	8550	281	75
7094	9945	281	18
7096	6660	281	43
7097	8934	281	24
7097	9642	281	8
7098	8227	281	84
7099	8904	281	99
7099	10057	281	19
7100	6791	281	18
7100	9329	281	75
7101	5841	281	46
7101	6306	281	42
7102	6983	281	99
7102	7913	281	63
7102	9753	281	48
7103	7428	281	52
7104	6013	281	73
7104	7165	281	26
7104	9005	281	52
7106	6185	281	83
7107	6862	281	47
7107	7317	281	28
7108	6610	281	9
7109	8672	281	22
7110	8652	281	31
7111	5841	281	10
7111	6761	281	47
7111	10017	281	49
7112	8136	281	96
7112	8824	281	44
7113	9511	281	34
7114	6933	281	26
7114	7631	281	14
7114	7853	281	99
7115	6671	281	42
7115	8066	281	1
7116	10138	281	98
7117	6640	281	53
7117	8480	281	50
7117	8945	281	14
7118	7530	281	68
7119	6125	281	10
7119	7287	281	18
7121	6549	281	16
7121	7702	281	49
7121	9795	281	34
7122	6064	281	34
7123	6044	281	35
7123	7197	281	19
7124	6711	281	84
7124	7156	281	38
7125	9471	281	84
7126	5963	281	97
7126	9198	281	30
7127	6863	281	5
7129	6813	281	32
7129	7278	281	62
7130	5883	281	55
7130	9118	281	15
7131	8157	281	47
7132	6297	281	45
7132	6985	281	82
7132	9290	281	31
7132	9522	281	14
7134	6944	281	35
7134	8562	281	9
7134	9714	281	66
7135	6216	281	23
7135	8542	281	19
7136	7116	281	92
7136	8279	281	73
7137	5933	281	62
7137	6631	281	37
7138	7773	281	33
7138	8006	281	2
7138	8926	281	24
7138	9159	281	50
7138	9391	281	23
7139	6601	281	55
7140	6328	281	27
7140	7025	281	75
7140	8643	281	44
7142	6753	281	32
7142	7905	281	41
7142	8613	281	52
7143	6045	281	78
7143	6500	281	73
7143	8805	281	60
7146	6894	281	27
7146	8987	281	39
7147	6399	281	13
7147	6642	281	85
7149	6834	281	99
7149	7531	281	11
7149	8219	281	50
7151	5853	281	37
7151	7238	281	79
7152	7926	281	34
7152	8158	281	44
7152	10241	281	10
7154	6248	281	32
7154	7643	281	37
7154	10180	281	82
7155	7380	281	84
7156	7592	281	87
7156	8522	281	1
7156	8745	281	2
7157	6187	281	67
7158	7077	281	99
7158	8472	281	54
7158	8694	281	71
7159	6592	281	99
7159	8907	281	8
7160	7724	281	89
7160	8432	281	78
7161	6551	281	19
7161	9786	281	18
7163	5813	281	14
7163	7198	281	31
7163	7906	281	72
7164	6723	281	16
7164	8341	281	90
7164	9261	281	7
7169	9837	281	87
7170	7269	281	74
7171	6319	281	95
7172	9999	281	84
7173	9059	281	37
7174	8806	281	59
7174	9736	281	38
7175	6228	281	100
7175	6936	281	64
7175	9484	281	9
7176	6451	281	20
7176	7128	281	23
7177	6886	281	65
7177	7351	281	38
7177	7795	281	21
7177	9898	281	46
7180	8432	281	8
7180	10293	281	55
7181	6785	281	23
7185	9929	281	98
7186	8069	281	47
7186	9211	281	57
7187	8261	281	46
7187	9656	281	21
7188	6168	281	53
7188	8473	281	98
7190	9363	281	27
7191	9808	281	50
7194	8110	281	15
7195	5997	281	66
7195	9009	281	76
7197	6664	281	34
7197	7351	281	7
7197	9424	281	19
7198	7321	281	89
7198	7554	281	20
7198	8494	281	92
7198	10334	281	38
7199	9859	281	42
7199	10081	281	84
7200	7978	281	56
7200	8201	281	28
7201	8413	281	66
7201	9101	281	10
7202	5855	281	29
7202	7705	281	64
7202	9556	281	12
7202	10021	281	9
7204	5805	281	75
7204	8353	281	19
7205	6462	281	39
7205	6937	281	52
7205	8787	281	20
7205	9707	281	2
7205	10182	281	23
7206	6209	281	47
7206	6675	281	13
7207	6877	281	32
7207	8969	281	56
7208	8939	281	80
7209	7069	281	98
7209	7766	281	55
7210	6119	281	95
7210	8676	281	23
7210	9131	281	41
7210	9839	281	78
7211	6796	281	7
7211	8869	281	63
7212	7473	281	24
7212	8626	281	83
7212	10243	281	51
7213	6058	281	94
7213	6988	281	98
7213	7211	281	8
7214	6270	281	99
7214	8575	281	83
7215	7160	281	87
7215	7868	281	38
7216	6685	281	86
7216	8313	281	76
7217	7595	281	91
7217	8515	281	14
7218	6402	281	96
7218	6645	281	8
7218	8727	281	7
7219	5917	281	17
7221	7039	281	94
7224	6493	281	66
7224	7656	281	85
7225	6706	281	26
7226	6231	281	18
7226	6443	281	65
7226	9688	281	34
7227	6665	281	45
7227	7353	281	42
7227	9213	281	17
7228	8263	281	65
7229	7545	281	70
7230	7282	281	66
7231	6332	281	16
7233	7687	281	53
7234	6736	281	69
7234	10194	281	71
7235	6939	281	62
7235	8799	281	43
7236	6908	281	49
7236	8303	281	20
7236	9244	281	4
7237	8506	281	40
7238	6170	281	73
7239	6838	281	95
7239	8000	281	60
7239	9385	281	4
7240	8688	281	20
7240	8900	281	51
7241	6120	281	37
7241	8425	281	9
7242	6545	281	15
7242	7717	281	12
7242	8162	281	29
7242	9790	281	96
7242	10255	281	43
7243	9315	281	47
7244	6282	281	67
7245	8092	281	48
7246	7839	281	86
7246	8536	281	71
7246	9477	281	48
7247	5969	281	74
7247	7121	281	78
7247	8284	281	8
7249	7323	281	90
7250	7071	281	28
7250	7283	281	14
7250	7758	281	66
7250	9133	281	30
7250	9366	281	74
7250	9608	281	10
7251	6353	281	13
7251	6585	281	66
7252	7243	281	82
7252	7930	281	78
7252	9558	281	11
7254	6980	281	54
7254	8365	281	57
7254	9052	281	60
7254	9982	281	61
7255	6009	281	74
7255	6717	281	62
7255	8557	281	23
7256	8769	281	19
7258	7344	281	15
7258	8264	281	14
7259	9871	281	90
7260	7981	281	39
7260	8214	281	46
7261	9811	281	77
7262	10033	281	29
7263	7233	281	23
7264	6273	281	9
7265	6242	281	51
7265	6495	281	26
7265	6950	281	96
7265	8103	281	89
7266	7395	281	16
7266	7627	281	29
7266	10175	281	82
7268	6424	281	97
7269	7314	281	69
7269	8719	281	39
7269	10337	281	79
7270	6607	281	9
7270	8002	281	95
7271	6121	281	84
7271	7264	281	99
7271	10276	281	10
7272	6091	281	42
7272	7021	281	33
7273	6303	281	54
7273	8851	281	46
7273	9073	281	9
7274	7446	281	41
7274	8588	281	69
7275	6030	281	5
7275	8801	281	70
7275	9255	281	42
7277	8053	281	39
7278	6192	281	5
7279	5930	281	76
7280	6132	281	59
7280	6597	281	69
7280	8214	281	3
7282	6799	281	58
7282	8417	281	45
7283	7224	281	39
7283	8629	281	96
7284	9519	281	15
7284	9761	281	86
7285	7416	281	71
7285	7871	281	80
7286	9711	281	21
7287	5758	281	77
7287	5970	281	11
7287	7598	281	77
7287	8993	281	82
7288	6415	281	17
7288	8508	281	51
7288	8740	281	35
7288	9195	281	61
7288	9671	281	62
7289	8023	281	63
7289	9640	281	19
7290	9165	281	56
7290	10085	281	46
7291	9125	281	61
7292	5859	281	24
7293	6537	281	75
7293	6992	281	70
7293	7244	281	99
7293	8154	281	7
7294	5829	281	89
7295	5809	281	7
7295	7659	281	58
7296	7639	281	31
7296	9954	281	31
7296	10399	281	24
7297	7133	281	94
7297	9449	281	22
7298	6193	281	36
7298	6658	281	89
7298	9206	281	2
7298	10369	281	57
7299	7801	281	79
7299	8953	281	67
7300	9853	281	60
7301	5890	281	32
7301	8448	281	69
7302	8175	281	98
7302	10268	281	28
7303	8852	281	56
7304	8610	281	82
7304	9297	281	69
7306	6709	281	31
7306	10177	281	20
7307	7376	281	88
7310	6143	281	98
7310	7083	281	10
7310	7306	281	55
7311	7508	281	94
7311	7741	281	20
7312	6335	281	35
7312	8661	281	53
7312	9105	281	51
7313	7690	281	90
7313	7943	281	64
7314	6052	281	48
7314	6750	281	58
7316	8570	281	77
7317	5759	281	8
7318	9904	281	93
7319	6861	281	63
7320	5931	281	51
7320	6619	281	56
7321	6831	281	3
7321	9601	281	37
7322	6811	281	45
7323	6781	281	1
7323	8388	281	31
7323	8408	281	22
7323	10248	281	95
7324	6285	281	57
7324	6993	281	97
7326	6943	281	25
7326	9713	281	55
7326	10188	281	19
7327	9935	281	11
7328	6660	281	89
7328	7600	281	62
7329	5952	281	83
7330	8004	281	50
7330	8227	281	33
7330	8247	281	95
7332	6569	281	39
7332	7044	281	100
7332	7276	281	27
7336	6488	281	77
7336	8328	281	13
7336	8793	281	56
7337	6225	281	71
7338	6438	281	55
7339	8500	281	75
7339	8965	281	12
7339	9663	281	32
7340	8692	281	14
7340	10320	281	28
7341	5892	281	19
7342	9127	281	26
7343	6771	281	71
7344	7449	281	11
7344	7681	281	82
7345	5801	281	16
7345	7894	281	34
7346	6256	281	59
7346	9269	281	29
7346	9966	281	34
7348	7823	281	28
7349	6175	281	36
7349	7348	281	44
7349	7813	281	71
7349	8733	281	64
7349	10118	281	78
7350	5700	281	20
7350	7318	281	47
7350	7773	281	79
7350	9178	281	48
7352	5650	281	44
7352	7500	281	10
7352	7965	281	59
7352	8662	281	9
7353	6084	281	22
7353	7247	281	64
7353	10037	281	15
7354	6297	281	30
7354	8855	281	96
7354	9774	281	87
7355	6034	281	90
7355	8359	281	13
7355	8602	281	84
7356	6721	281	53
7357	7389	281	33
7357	8309	281	9
7358	5751	281	98
7358	5973	281	69
7359	5943	281	65
7359	9431	281	49
7360	6863	281	44
7360	7096	281	76
7363	6317	281	36
7363	9563	281	44
7364	7005	281	7
7365	10210	281	51
7366	6267	281	69
7367	6469	281	86
7367	6924	281	27
7367	9017	281	81
7367	9947	281	15
7367	10159	281	50
7368	6682	281	47
7369	9199	281	90
7369	10351	281	50
7370	7551	281	36
7370	10331	281	50
7372	6358	281	78
7372	6591	281	70
7372	9593	281	72
7372	10281	281	35
7374	9088	281	31
7374	9320	281	51
7375	9533	281	52
7376	6722	281	72
7377	5995	281	38
7377	6015	281	53
7377	6237	281	8
7377	6702	281	24
7377	10392	281	70
7378	7369	281	84
7379	6197	281	26
7379	6652	281	1
7379	6894	281	49
7379	7127	281	36
7380	6632	281	13
7380	6864	281	33
7380	8259	281	22
7380	8937	281	89
7380	9412	281	69
7381	7066	281	18
7381	7299	281	90
7382	8209	281	13
7383	9119	281	67
7383	9806	281	83
7384	6763	281	81
7384	8158	281	83
7385	6045	281	52
7386	5803	281	88
7386	9968	281	87
7387	6480	281	53
7387	7168	281	8
7390	7087	281	6
7390	8725	281	97
7390	10100	281	98
7391	5914	281	3
7391	6612	281	29
7392	7744	281	62
7392	8897	281	45
7393	8411	281	7
7393	8644	281	39
7394	6541	281	44
7395	7208	281	86
7397	6925	281	90
7397	7856	281	79
7397	9008	281	61
7398	5975	281	22
7398	6218	281	87
7398	8311	281	100
7398	10150	281	63
7399	6430	281	44
7399	8978	281	68
7399	9665	281	5
7400	6400	281	58
7400	6632	281	42
7401	7765	281	38
7401	8230	281	66
7401	10312	281	52
7402	6127	281	31
7403	10272	281	41
7404	7462	281	88
7404	9089	281	83
7404	10242	281	90
7405	6976	281	80
7406	6501	281	5
7406	7431	281	72
7409	8503	281	24
7409	9201	281	68
7410	6168	281	60
7410	7806	281	92
7410	9878	281	66
7411	6855	281	46
7411	8463	281	53
7412	7280	281	48
7412	9373	281	20
7413	6097	281	2
7413	6572	281	69
7413	9575	281	36
7414	7240	281	39
7416	8129	281	9
7416	9049	281	43
7416	9514	281	26
7416	10212	281	45
7417	6006	281	21
7418	6694	281	52
7419	7129	281	93
7421	6391	281	22
7421	7543	281	68
7421	9636	281	6
7423	6340	281	4
7423	6795	281	86
7423	7038	281	76
7423	7958	281	6
7423	8433	281	21
7424	7705	281	68
7424	10020	281	69
7425	6522	281	5
7426	6037	281	90
7426	8362	281	36
7426	8595	281	7
7427	6714	281	69
7427	7634	281	67
7427	8787	281	51
7428	7392	281	77
7429	6664	281	43
7430	5936	281	36
7431	7999	281	63
7431	8019	281	87
7432	9151	281	28
7433	8656	281	26
7434	6310	281	1
7434	9798	281	30
7435	7463	281	32
7436	6958	281	88
7436	9738	281	93
7437	6937	281	97
7438	7847	281	56
7438	8312	281	79
7438	8767	281	67
7438	10172	281	79
7439	7584	281	1
7439	9910	281	71
7440	6644	281	70
7441	7312	281	76
7442	6594	281	54
7442	7534	281	83
7443	7726	281	42
7444	5856	281	94
7444	8181	281	82
7445	6078	281	42
7445	7908	281	85
7446	6736	281	8
7447	6250	281	8
7447	6483	281	35
7448	8080	281	73
7449	5967	281	64
7449	9445	281	6
7450	8262	281	96
7451	8717	281	3
7451	9172	281	19
7452	5897	281	33
7452	10072	281	21
7454	7029	281	86
7454	7484	281	12
7455	9081	281	58
7456	6049	281	19
7456	10214	281	1
7459	6210	281	69
7462	6615	281	72
7462	6837	281	83
7462	8455	281	37
7464	7252	281	50
7465	8617	281	44
7466	6504	281	25
7466	8364	281	44
7467	6949	281	25
7467	7181	281	16
7468	8789	281	100
7469	6433	281	2
7471	6858	281	9
7472	6140	281	73
7472	9618	281	25
7473	7980	281	82
7474	8405	281	15
7475	6080	281	54
7475	6777	281	44
7475	7697	281	77
7475	9325	281	50
7476	7212	281	46
7476	7444	281	15
7477	6039	281	55
7477	9962	281	44
7478	6009	281	62
7478	6474	281	77
7478	7627	281	50
7478	8082	281	6
7478	9012	281	6
7478	9709	281	59
7479	6211	281	49
7479	6686	281	23
7479	7596	281	43
7480	6889	281	14
7480	9436	281	30
7481	8719	281	58
7482	9851	281	86
7483	6353	281	8
7483	6575	281	5
7483	7040	281	90
7483	9356	281	11
7483	10296	281	43
7484	7263	281	37
7485	6545	281	96
7485	7000	281	41
7485	8153	281	58
7486	6292	281	56
7487	8567	281	28
7487	9507	281	65
7489	6919	281	92
7489	7142	281	48
7489	9912	281	5
7490	6667	281	18
7490	7112	281	39
7490	8962	281	57
7490	9669	281	9
7493	6818	281	19
7493	8679	281	7
7494	9578	281	69
7494	10033	281	55
7498	6232	281	65
7498	7870	281	84
7499	8315	281	81
7499	9225	281	63
7500	10125	281	41
7501	6394	281	9
7501	8254	281	91
7502	6839	281	25
7502	9397	281	73
7503	7062	281	49
7503	7739	281	56
7503	8214	281	89
7503	8912	281	57
7504	6576	281	78
7504	7961	281	69
7504	8426	281	34
7506	6061	281	18
7506	8831	281	72
7507	6263	281	86
7507	7416	281	95
7507	9983	281	13
7508	6708	281	70
7508	6951	281	44
7508	9033	281	65
7508	9953	281	98
7509	8538	281	53
7510	10145	281	79
7511	7790	281	47
7511	9650	281	21
7512	6607	281	52
7512	7537	281	64
7512	8932	281	10
7514	6344	281	17
7514	9114	281	81
7514	9802	281	46
7515	7466	281	41
7515	8164	281	11
7515	9084	281	80
7517	9519	281	40
7518	6243	281	37
7518	8336	281	32
7519	6001	281	89
7519	6911	281	28
7519	7153	281	70
7519	7851	281	23
7519	9468	281	80
7520	8043	281	18
7522	9863	281	43
7522	10318	281	73
7523	7760	281	23
7524	6810	281	42
7524	7265	281	26
7524	9357	281	24
7525	7942	281	35
7526	6992	281	68
7527	7194	281	46
7528	8094	281	45
7529	10389	281	98
7530	8286	281	40
7530	8529	281	19
7531	6183	281	41
7531	6416	281	51
7531	6638	281	66
7532	5931	281	39
7532	8013	281	76
7533	7073	281	15
7535	6315	281	83
7535	9570	281	62
7535	10258	281	11
7537	7670	281	83
7539	6224	281	28
7539	9004	281	97
7542	8701	281	49
7542	10096	281	13
7543	8226	281	65
7544	7033	281	42
7544	7731	281	88
7545	6780	281	35
7545	8186	281	84
7546	6760	281	19
7546	8145	281	73
7546	9995	281	69
7547	6285	281	51
7547	9753	281	71
7549	9935	281	40
7550	8984	281	90
7550	9682	281	8
7550	10147	281	74
7551	5952	281	100
7551	6872	281	21
7552	8024	281	89
7552	8469	281	18
7552	10339	281	19
7553	6376	281	13
7553	10309	281	59
7554	8894	281	86
7554	9834	281	79
7555	6103	281	51
7555	7488	281	62
7555	8631	281	68
7556	6083	281	78
7556	7236	281	72
7556	8611	281	96
7557	6518	281	55
7557	8833	281	94
7558	6710	281	8
7561	6660	281	56
7561	7357	281	85
7562	9642	281	42
7563	6609	281	24
7563	9157	281	85
7564	6811	281	76
7565	7711	281	75
7565	9116	281	64
7565	9582	281	57
7566	8379	281	11
7566	10249	281	9
7567	7903	281	34
7568	7196	281	85
7568	9491	281	17
7569	6003	281	45
7569	7155	281	63
7569	8096	281	87
7569	9248	281	62
7569	9703	281	24
7569	10168	281	92
7570	6448	281	14
7572	6175	281	41
7572	7782	281	66
7572	8955	281	45
7572	9420	281	38
7572	9875	281	89
7573	8460	281	26
7573	8682	281	49
7574	7520	281	48
7574	8197	281	9
7575	9804	281	65
7576	9087	281	100
7577	6276	281	97
7577	9531	281	18
7578	7641	281	50
7579	7853	281	29
7579	8551	281	7
7580	6913	281	9
7580	8763	281	65
7581	8278	281	52
7582	7318	281	40
7582	8723	281	37
7583	9380	281	4
7584	6135	281	43
7585	6570	281	24
7585	8420	281	77
7587	6762	281	4
7587	7439	281	17
7588	6044	281	76
7588	6964	281	21
7589	6479	281	21
7589	7389	281	87
7590	6904	281	21
7590	9006	281	78
7592	6873	281	29
7592	7561	281	69
7592	9178	281	62
7593	8006	281	67
7594	7045	281	22
7595	6105	281	89
7595	8653	281	36
7595	8885	281	78
7596	8633	281	19
7597	7682	281	18
7597	8612	281	11
7598	6257	281	70
7598	9270	281	94
7598	9502	281	13
7600	8077	281	85
7600	9462	281	12
7600	9704	281	97
7601	7581	281	25
7601	10372	281	22
7602	7106	281	60
7602	8259	281	61
7604	8218	281	19
7604	9846	281	79
7605	6338	281	53
7606	9331	281	35
7607	6288	281	89
7607	6985	281	99
7607	7460	281	99
7607	8835	281	31
7607	9533	281	99
7611	7814	281	54
7611	8522	281	7
7613	5924	281	79
7613	6621	281	20
7613	6854	281	15
7614	7056	281	54
7615	6793	281	32
7615	7724	281	30
7615	10049	281	32
7616	6318	281	6
7617	6763	281	32
7617	7228	281	65
7618	6510	281	11
7618	8118	281	73
7618	9978	281	53
7619	8330	281	91
7620	7845	281	41
7620	10160	281	36
7624	6137	281	38
7625	7269	281	22
7625	8654	281	15
7626	7936	281	82
7626	8169	281	25
7626	9099	281	94
7627	6076	281	71
7628	6268	281	80
7628	8361	281	32
7629	6248	281	47
7629	9038	281	57
7630	6450	281	27
7630	6693	281	1
7630	6915	281	97
7632	7350	281	8
7632	10130	281	65
7633	6400	281	84
7633	8007	281	19
7633	9170	281	43
7633	9413	281	77
7634	9382	281	68
7634	10312	281	32
7635	6339	281	86
7635	9817	281	70
7635	10505	281	3
7636	6087	281	89
7636	9564	281	50
7636	9797	281	8
7637	7007	281	22
7638	7896	281	60
7639	6016	281	68
7639	7654	281	42
7639	7886	281	33
7639	8099	281	59
7640	6704	281	47
7640	7148	281	64
7640	9939	281	38
7642	7118	281	69
7642	9656	281	49
7642	10576	281	48
7644	6370	281	77
7644	6603	281	27
7644	10545	281	15
7646	7482	281	41
7646	8170	281	8
7646	10262	281	77
7648	6522	281	4
7648	7432	281	85
7649	8807	281	75
7650	7614	281	59
7650	9019	281	96
7650	10182	281	86
7651	5976	281	11
7652	6886	281	37
7653	6168	281	57
7653	7786	281	63
7653	8241	281	27
7653	8473	281	30
7654	7523	281	3
7654	8453	281	69
7654	9151	281	13
7654	9393	281	11
7655	10061	281	48
7656	9333	281	28
7657	7240	281	56
7658	6057	281	15
7658	9302	281	6
7659	8120	281	63
7659	8342	281	70
7659	9505	281	3
7659	9727	281	3
7660	6229	281	25
7660	6462	281	78
7660	6937	281	45
7661	8302	281	97
7662	6432	281	91
7663	8716	281	57
7663	9879	281	10
7664	8221	281	37
7665	6351	281	82
7665	6816	281	40
7665	8676	281	34
7665	10294	281	40
7667	6078	281	87
7667	6765	281	99
7667	9081	281	16
7668	7453	281	5
7669	7180	281	70
7669	8585	281	24
7671	6907	281	8
7672	8747	281	18
7672	9677	281	24
7675	7291	281	44
7676	7029	281	85
7676	8879	281	89
7677	6088	281	75
7677	6998	281	77
7677	7928	281	43
7678	8151	281	14
7680	7858	281	47
7680	8100	281	27
7680	9030	281	22
7681	5977	281	7
7682	9202	281	31
7684	6149	281	6
7684	6847	281	5
7685	7059	281	80
7685	8212	281	4
7686	6574	281	35
7686	9567	281	68
7687	6786	281	95
7688	6301	281	21
7689	6726	281	77
7690	6018	281	84
7690	9486	281	86
7691	6463	281	59
7691	6686	281	72
7691	9466	281	34
7692	8273	281	56
7692	9900	281	56
7693	7333	281	77
7693	8495	281	88
7693	8718	281	36
7693	8728	281	43
7693	8950	281	16
7693	9415	281	88
7694	7545	281	20
7695	8910	281	31
7695	9365	281	63
7696	7262	281	32
7696	7505	281	46
7696	8415	281	35
7696	9122	281	99
7696	10032	281	39
7696	10497	281	95
7698	7909	281	75
7698	9992	281	16
7699	6039	281	84
7699	8354	281	36
7699	8587	281	33
7699	10437	281	70
7700	7181	281	17
7700	7626	281	43
7700	10194	281	6
7700	10406	281	22
7701	8769	281	50
7702	6191	281	7
7702	8293	281	55
7704	7768	281	42
7704	9163	281	72
7704	9861	281	81
7705	6595	281	74
7706	7738	281	57
7706	9810	281	3
7707	7697	281	62
7707	7950	281	66
7708	6525	281	7
7708	6757	281	6
7708	9295	281	84
7709	6959	281	46
7709	8830	281	11
7710	10407	281	48
7711	6221	281	64
7712	7121	281	27
7713	6424	281	46
7713	6636	281	44
7714	10326	281	79
7715	8213	281	78
7715	8678	281	49
7716	8426	281	41
7717	6090	281	24
7718	6303	281	29
7719	6737	281	34
7719	6980	281	4
7719	7425	281	70
7720	6485	281	48
7720	8577	281	85
7720	9265	281	59
7720	9952	281	74
7721	8537	281	40
7721	9002	281	71
7721	10154	281	85
7721	10620	281	73
7723	6869	281	63
7723	8042	281	32
7725	7061	281	67
7725	7294	281	31
7725	10084	281	84
7726	6808	281	33
7727	10266	281	71
7730	7183	281	4
7731	6242	281	24
7731	7395	281	66
7732	7365	281	99
7732	7840	281	15
7736	8194	281	32
7737	6779	281	77
7737	8406	281	51
7737	8871	281	74
7739	6748	281	15
7739	7213	281	97
7739	7446	281	33
7740	9508	281	21
7740	9731	281	7
7741	6708	281	75
7741	6930	281	24
7741	10165	281	84
7744	8942	281	21
7745	6607	281	78
7745	9145	281	44
7745	9610	281	68
7747	6567	281	27
7747	7709	281	5
7747	10024	281	100
7747	10499	281	94
7748	9539	281	42
7749	6294	281	97
7749	7669	281	35
7749	8144	281	20
7749	9296	281	95
7750	10429	281	37
7752	6446	281	3
7752	8761	281	36
7752	10621	281	43
7753	7800	281	44
7753	7821	281	2
7753	8053	281	78
7753	8508	281	6
7754	8023	281	11
7754	8720	281	94
7754	9650	281	64
7754	9883	281	57
7755	6142	281	24
7755	6375	281	89
7756	7052	281	39
7758	7002	281	28
7758	9084	281	40
7759	6527	281	2
7759	9064	281	90
7760	6264	281	72
7760	8801	281	6
7762	6668	281	61
7762	8296	281	30
7762	9004	281	35
7762	9226	281	50
7765	9843	281	55
7766	7275	281	25
7766	7973	281	27
7766	9823	281	3
7767	10268	281	6
7769	6972	281	58
7770	6022	281	43
7770	7184	281	93
7770	7649	281	14
7770	7882	281	55
7770	10197	281	25
7771	8084	281	91
7771	9014	281	38
7772	6922	281	21
7772	9924	281	5
7773	6194	281	65
7773	7114	281	50
7774	7336	281	64
7775	10329	281	32
7778	6538	281	46
7779	9763	281	16
7779	9985	281	18
7779	10450	281	95
7780	6487	281	79
7780	8590	281	62
7781	8327	281	20
7781	8802	281	88
7782	7610	281	60
7782	10380	281	29
7784	8267	281	32
7784	9874	281	86
7785	8236	281	48
7785	10562	281	57
7786	6124	281	17
7786	7519	281	95
7787	7721	281	25
7787	9116	281	43
7787	9338	281	97
7788	6073	281	54
7789	7458	281	37
7789	9076	281	17
7789	9531	281	33
7790	6265	281	65
7790	7650	281	85
7791	6943	281	50
7791	9258	281	78
7792	6457	281	49
7792	8065	281	50
7792	10633	281	91
7794	6872	281	69
7794	7802	281	1
7794	10107	281	38
7795	6164	281	8
7795	6619	281	27
7796	6832	281	60
7796	8682	281	32
7796	10542	281	95
7797	8884	281	96
7797	9592	281	33
7798	7236	281	39
7799	6761	281	89
7799	8389	281	8
7799	8834	281	97
7801	6246	281	26
7802	5993	281	67
7802	7378	281	62
7803	9208	281	45
7803	10613	281	62
7804	6650	281	27
7805	5922	281	93
7806	8450	281	4
7807	7975	281	67
7807	8429	281	27
7808	8642	281	51
7808	9794	281	30
7809	7681	281	82
7809	10229	281	39
7810	6741	281	97
7810	7206	281	16
7810	9279	281	41
7810	10431	281	27
7810	10674	281	38
7811	6024	281	18
7812	7853	281	47
7812	9006	281	64
7813	7126	281	85
7813	8531	281	9
7814	8025	281	6
7814	9431	281	74
7816	8693	281	54
7817	6105	281	34
7817	7045	281	91
7817	10290	281	59
7818	9330	281	87
7819	6529	281	70
7819	9542	281	69
7819	10240	281	29
7820	6044	281	39
7820	6964	281	49
7820	10209	281	38
7823	7591	281	83
7824	6408	281	56
7824	8734	281	82
7824	8956	281	83
7824	9653	281	90
7826	6135	281	20
7826	6378	281	45
7826	6611	281	50
7826	10068	281	79
7828	7723	281	53
7828	7935	281	46
7830	7197	281	22
7831	9957	281	57
7832	6459	281	97
7832	6924	281	21
7833	6207	281	40
7834	5954	281	50
7834	10351	281	26
7835	6864	281	9
7835	8471	281	86
7835	9866	281	92
7836	7521	281	49
7836	8916	281	6
7836	9856	281	25
7837	7036	281	77
7837	7966	281	85
7837	8663	281	80
7837	10048	281	36
7838	9806	281	39
7838	10503	281	12
7839	6298	281	25
7839	8855	281	91
7840	8603	281	86
7840	9300	281	61
7840	10675	281	19
7841	8118	281	49
7841	9280	281	72
7843	6905	281	39
7843	8057	281	96
7844	8512	281	38
7847	9371	281	88
7848	8421	281	25
7849	6066	281	23
7851	6733	281	52
7851	7643	281	94
7851	8805	281	52
7851	9503	281	3
7851	9736	281	84
7852	6238	281	63
7852	6703	281	96
7853	7845	281	8
7854	7582	281	91
7854	9200	281	86
7854	9675	281	77
7855	7795	281	52
7855	8027	281	13
7856	6147	281	28
7856	7067	281	73
7856	7764	281	65
7856	10322	281	47
7857	7279	281	42
7857	9604	281	62
7859	6996	281	64
7859	8866	281	66
7860	6289	281	79
7860	7441	281	78
7860	8149	281	77
7861	8573	281	46
7861	9049	281	3
7862	7158	281	88
7862	8098	281	48
7862	9251	281	79
7862	10403	281	37
7863	6683	281	85
7864	6188	281	73
7865	6410	281	48
7865	6643	281	48
7865	7108	281	80
7865	8725	281	50
7866	9625	281	94
7867	6370	281	94
7867	6592	281	93
7868	8877	281	49
7869	7229	281	34
7869	7927	281	50
7869	8169	281	51
7870	7684	281	85
7871	8816	281	8
7872	9494	281	43
7872	9939	281	89
7873	8533	281	17
7873	8766	281	83
7874	9211	281	79
7874	9443	281	95
7875	9878	281	41
7875	10576	281	92
7876	7998	281	10
7877	6582	281	89
7877	7513	281	36
7877	9140	281	26
7878	6795	281	97
7878	7957	281	5
7878	9575	281	22
7878	9818	281	16
7879	9332	281	54
7880	6532	281	72
7881	6027	281	54
7881	8584	281	81
7884	7826	281	32
7884	8524	281	87
7885	8039	281	70
7886	8706	281	95
7887	6361	281	31
7887	9373	281	52
7889	6310	281	20
7889	7928	281	58
7890	6067	281	85
7890	7463	281	71
7890	7907	281	6
7891	6725	281	91
7892	6472	281	66
7892	7402	281	91
7892	10415	281	24
7893	6927	281	41
7894	6209	281	57
7896	8474	281	58
7896	10334	281	91
7897	6604	281	36
7897	7069	281	53
7897	8454	281	95
7899	6098	281	95
7900	8150	281	38
7900	10011	281	81
7902	8787	281	95
7902	9718	281	44
7902	9960	281	77
7903	7625	281	73
7904	7837	281	9
7905	6644	281	2
7906	6159	281	79
7906	6624	281	47
7906	10324	281	81
7907	7767	281	20
7907	10072	281	57
7909	9111	281	31
7909	9566	281	47
7910	6291	281	94
7911	8121	281	72
7911	9758	281	25
7912	6493	281	85
7912	8565	281	59
7913	7393	281	10
7913	10395	281	52
7914	7373	281	6
7914	9910	281	87
7915	8040	281	79
7915	8970	281	17
7915	10345	281	57
7917	6827	281	23
7918	6584	281	26
7918	7979	281	100
7918	8424	281	91
7918	9819	281	69
7919	7484	281	68
7919	9334	281	5
7920	6311	281	44
7920	10477	281	57
7921	7444	281	77
7921	9294	281	50
7923	6928	281	44
7923	8081	281	35
7924	9456	281	40
7924	9688	281	28
7925	7353	281	40
7925	7808	281	95
7925	9890	281	73
7926	8940	281	78
7926	9405	281	57
7926	9648	281	92
7927	7060	281	81
7928	8677	281	64
7929	10032	281	4
7930	6079	281	55
7930	6544	281	17
7930	8849	281	95
7931	6969	281	86
7931	7667	281	83
7932	6716	281	88
7932	8799	281	78
7932	9507	281	98
7934	7131	281	52
7934	9234	281	11
7935	6191	281	71
7935	6423	281	29
7935	9193	281	37
7936	7566	281	53
7937	9153	281	94
7937	9851	281	52
7938	6353	281	86
7938	7283	281	40
7938	7970	281	99
7938	10528	281	98
7940	6777	281	73
7940	7232	281	33
7940	9790	281	36
7944	6221	281	50
7945	6879	281	78
7946	8021	281	46
7947	7526	281	46
7947	10073	281	7
7949	6323	281	46
7951	6990	281	39
7952	6262	281	73
7952	6505	281	63
7952	8577	281	98
7952	9730	281	1
7953	6464	281	57
7953	9012	281	18
7954	9932	281	93
7955	9204	281	65
7958	9134	281	83
7959	8426	281	77
7959	8891	281	50
7959	10509	281	75
7961	6050	281	3
7961	7456	281	61
7961	9538	281	7
7962	7890	281	92
7963	9255	281	9
7963	9710	281	84
7964	6687	281	35
7964	8527	281	26
7965	8052	281	23
7965	10590	281	70
7966	6859	281	92
7966	7800	281	48
7966	9174	281	17
7966	9872	281	87
7967	6384	281	20
7967	7769	281	63
7967	8002	281	98
7967	9387	281	44
7971	6526	281	72
7971	6758	281	46
7971	7689	281	63
7971	8133	281	17
7972	7416	281	94
7973	6253	281	12
7973	7183	281	13
7974	6920	281	49
7975	8295	281	2
7975	9448	281	34
7976	7578	281	64
7978	6354	281	12
7978	9145	281	60
7979	6809	281	66
7982	7659	281	16
7983	7163	281	32
7983	7396	281	95
7983	7871	281	92
7983	8104	281	45
7984	6466	281	87
7984	10398	281	2
7985	6193	281	88
7986	6648	281	29
7986	7103	281	47
7986	7335	281	16
7986	10105	281	68
7988	8690	281	60
7989	6122	281	74
7989	6567	281	48
7990	7245	281	68
7990	7932	281	80
7991	9064	281	66
7992	9287	281	53
7993	6941	281	24
7994	9014	281	6
7995	8529	281	29
7996	8043	281	29
7996	8721	281	20
7996	8953	281	97
7996	10348	281	70
7998	6608	281	80
7998	7285	281	57
7998	10531	281	8
7999	9348	281	35
7999	9580	281	24
8000	6315	281	83
8000	6547	281	96
8001	7700	281	88
8001	8842	281	54
8002	6729	281	28
8002	6962	281	89
8002	8822	281	76
8004	8094	281	76
8004	9924	281	30
8005	8762	281	94
8006	6881	281	79
8006	7569	281	32
8007	8004	281	64
8007	8479	281	34
8007	9176	281	36
8008	6831	281	88
8008	8448	281	28
8009	9116	281	22
8010	6336	281	83
8010	7256	281	69
8010	8175	281	27
8011	7933	281	90
8012	6275	281	45
8012	7893	281	63
8013	6497	281	45
8013	9490	281	76
8015	6437	281	73
8016	7812	281	17
8016	9429	281	68
8016	10349	281	77
8017	9874	281	31
8017	10572	281	40
8019	9834	281	20
8020	6781	281	96
8020	9349	281	55
8021	8146	281	54
8022	8125	281	37
8022	8601	281	94
8022	9763	281	65
8024	7155	281	94
8026	6650	281	35
8026	7347	281	28
8026	8035	281	18
8026	9197	281	77
8027	6407	281	31
8027	9400	281	50
8027	10330	281	51
8028	7074	281	54
8028	7297	281	98
8029	7519	281	24
8029	10299	281	81
8030	7954	281	61
8030	9561	281	92
8031	6316	281	90
8031	7004	281	80
8031	10016	281	17
8032	9056	281	6
8033	6721	281	79
8033	7196	281	53
8033	7661	281	41
8033	8813	281	79
8034	6923	281	8
8034	6943	281	14
8034	7398	281	81
8034	9016	281	34
8035	6438	281	44
8036	6883	281	26
8036	10118	281	34
8036	10350	281	76
8036	10370	281	76
8037	7782	281	83
8038	6145	281	8
8039	6357	281	26
8039	8662	281	52
8039	10067	281	100
8040	6569	281	21
8040	6802	281	28
8040	7722	281	66
8041	9087	281	37
8042	7904	281	31
8043	6499	281	56
8044	7166	281	59
8044	9481	281	79
8044	9956	281	60
8045	6216	281	76
8045	7601	281	64
8045	9451	281	94
8045	9683	281	70
8047	7571	281	78
8047	8015	281	17
8047	8723	281	11
8049	6600	281	66
8049	9128	281	95
8049	9593	281	15
8050	10270	281	75
8051	8167	281	66
8054	6701	281	45
8055	7136	281	69
8056	6883	281	89
8056	9199	281	50
8058	6621	281	70
8058	6843	281	17
8061	7480	281	90
8061	8400	281	65
8062	6297	281	43
8063	7652	281	39
8065	9462	281	56
8066	6439	281	76
8066	7116	281	25
8067	6651	281	95
8067	8481	281	84
8068	9391	281	12
8068	10089	281	1
8068	10331	281	96
8069	8684	281	62
8070	8421	281	59
8071	7248	281	22
8071	8633	281	67
8071	9321	281	83
8071	9563	281	38
8071	9796	281	50
8072	9988	281	50
8073	6733	281	16
8073	9523	281	40
8074	6490	281	7
8076	8057	281	6
8077	6187	281	58
8077	7329	281	13
8077	8037	281	45
8077	9887	281	58
8079	8451	281	62
8080	6339	281	75
8080	6814	281	81
8081	8876	281	71
8081	9099	281	57
8082	8138	281	99
8084	8573	281	16
8084	9260	281	91
8085	6450	281	99
8085	9008	281	14
8085	9705	281	51
8085	9928	281	61
8087	10110	281	88
8088	7775	281	97
8089	7057	281	73
8089	9139	281	73
8089	9847	281	40
8090	8654	281	47
8091	6319	281	60
8091	6551	281	9
8091	6774	281	25
8091	7714	281	3
8091	10019	281	70
8092	6521	281	43
8092	6541	281	49
8092	7451	281	70
8092	9069	281	58
8095	6936	281	68
8096	8513	281	26
8096	9453	281	3
8098	8007	281	30
8098	8948	281	25
8098	9170	281	87
8100	7967	281	70
8103	6269	281	24
8103	8129	281	6
8103	8351	281	76
8103	8372	281	18
8104	6481	281	96
8104	7421	281	46
8104	9029	281	58
8105	6239	281	19
8107	9201	281	62
8108	8483	281	38
8108	9636	281	36
8109	6380	281	30
8109	6603	281	53
8112	9777	281	11
8113	7209	281	36
8113	9070	281	22
8114	9727	281	87
8115	7392	281	49
8117	6876	281	48
8117	8049	281	16
8118	7796	281	72
8118	8716	281	10
8119	7068	281	98
8119	8928	281	5
8119	10081	281	15
8120	6815	281	96
8121	7260	281	61
8121	7958	281	30
8121	8403	281	62
8122	7928	281	61
8123	6987	281	49
8124	8575	281	27
8125	9940	281	89
8126	7139	281	97
8126	8069	281	59
8126	8534	281	82
8127	7352	281	61
8128	9404	281	95
8129	7756	281	82
8129	9161	281	68
8129	9849	281	63
8131	6331	281	87
8132	8151	281	4
8133	7685	281	55
8133	8130	281	14
8134	6735	281	30
8134	8343	281	40
8135	6240	281	56
8135	6927	281	84
8135	8090	281	46
8136	6210	281	77
8136	8292	281	17
8136	9697	281	44
8137	6432	281	15
8137	8050	281	45
8138	7099	281	1
8138	7554	281	79
8139	8009	281	8
8141	7039	281	56
8141	9111	281	9
8142	6543	281	30
8142	8859	281	49
8142	10011	281	67
8145	8101	281	96
8145	9243	281	8
8145	9496	281	76
8147	9668	281	2
8148	6877	281	42
8148	7322	281	80
8149	6160	281	10
8150	8667	281	32
8151	8889	281	10
8152	6311	281	31
8153	7221	281	78
8153	9304	281	42
8154	6493	281	12
8154	7879	281	14
8154	9516	281	29
8155	7626	281	13
8155	9264	281	32
8156	9011	281	39
8157	6655	281	57
8157	9901	281	35
8158	9415	281	2
8159	6393	281	29
8159	6837	281	90
8159	7778	281	35
8160	7292	281	73
8161	8425	281	85
8162	6787	281	40
8164	9982	281	49
8165	6716	281	27
8166	7151	281	23
8166	8304	281	79
8167	8061	281	57
8168	8728	281	26
8169	6626	281	30
8169	8466	281	69
8169	8931	281	51
8170	7990	281	42
8171	6575	281	17
8171	7040	281	4
8172	7697	281	58
8172	8395	281	31
8172	9335	281	72
8173	7232	281	77
8174	6282	281	14
8174	6504	281	95
8174	6747	281	44
8174	6969	281	44
8174	8587	281	21
8174	9507	281	27
8176	6454	281	50
8176	6929	281	34
8176	8072	281	7
8178	8264	281	9
8179	9629	281	34
8180	7516	281	37
8181	9366	281	80
8181	10043	281	85
8182	8648	281	73
8183	7910	281	29
8183	8143	281	27
8184	7213	281	27
8185	8800	281	66
8186	8547	281	65
8187	7354	281	81
8187	8517	281	21
8188	9437	281	81
8189	7557	281	32
8190	6374	281	89
8190	8679	281	29
8191	6586	281	66
8192	8173	281	94
8192	9103	281	85
8192	9791	281	48
8193	6526	281	47
8193	8851	281	82
8195	9255	281	68
8196	9943	281	98
8198	7112	281	60
8198	8972	281	49
8199	6637	281	51
8199	8012	281	81
8200	6829	281	12
8200	7304	281	61
8201	8437	281	6
8201	8892	281	11
8202	6334	281	14
8202	7021	281	26
8202	9559	281	92
8203	6304	281	40
8203	7466	281	63
8204	7668	281	29
8204	8366	281	27
8206	9013	281	59
8207	6900	281	80
8207	7598	281	68
8209	6405	281	39
8209	8487	281	92
8209	9650	281	46
8210	9145	281	28
8210	9387	281	99
8211	7739	281	40
8211	9124	281	2
8212	7497	281	34
8212	8174	281	68
8212	9579	281	90
8212	10034	281	66
8213	9074	281	53
8214	6516	281	23
8215	7184	281	11
8216	6941	281	45
8216	7851	281	8
8216	9711	281	64
8217	6688	281	91
8217	7376	281	12
8218	8053	281	86
8219	6870	281	27
8219	7335	281	96
8219	9185	281	66
8220	6618	281	86
8220	8235	281	18
8221	8205	281	89
8221	9822	281	45
8223	8397	281	27
8223	8852	281	65
8224	6749	281	40
8224	6972	281	11
8225	6497	281	78
8225	8357	281	98
8227	8306	281	46
8228	8974	281	11
8229	8266	281	75
8229	8711	281	77
8230	7771	281	6
8231	6578	281	97
8231	6820	281	61
8238	6891	281	4
8238	7589	281	94
8238	7811	281	29
8238	9894	281	43
8241	8438	281	9
8242	6558	281	7
8242	7023	281	48
8243	6780	281	12
8243	8641	281	26
8243	9561	281	50
8243	9793	281	45
8243	10016	281	84
8244	7225	281	67
8244	7458	281	3
8244	9075	281	46
8245	6720	281	66
8245	6740	281	96
8245	7185	281	46
8245	9268	281	43
8246	6467	281	48
8246	9035	281	24
8247	8075	281	12
8248	7367	281	73
8249	6407	281	76
8249	7559	281	53
8250	6609	281	11
8250	9632	281	62
8251	7984	281	56
8253	6326	281	61
8253	9328	281	80
8254	6518	281	90
8256	6943	281	90
8256	9015	281	52
8256	9490	281	65
8257	7610	281	96
8257	7853	281	19
8257	8318	281	17
8257	9703	281	72
8259	8025	281	36
8260	7307	281	54
8260	8015	281	55
8260	9400	281	39
8261	6832	281	36
8261	8217	281	44
8262	9814	281	81
8264	6539	281	10
8264	7691	281	76
8264	8834	281	32
8265	6731	281	28
8265	7428	281	66
8265	8591	281	37
8266	7166	281	81
8266	8338	281	31
8267	6448	281	5
8267	8551	281	33
8269	8500	281	98
8269	8955	281	27
8270	8702	281	90
8271	9137	281	31
8272	6812	281	53
8272	7045	281	68
8272	7277	281	70
8273	8642	281	85
8273	9107	281	55
8274	8854	281	85
8275	6974	281	82
8275	8126	281	47
8275	9976	281	80
8276	6479	281	54
8278	9451	281	57
8279	8036	281	25
8279	8278	281	39
8279	9188	281	17
8281	6378	281	88
8281	7075	281	6
8282	9360	281	69
8283	7712	281	73
8284	8147	281	70
8284	9077	281	47
8285	9512	281	54
8287	6924	281	28
8287	8541	281	53
8287	8784	281	11
8288	8299	281	36
8289	6418	281	88
8289	7116	281	35
8290	9401	281	31
8292	6590	281	57
8293	6560	281	61
8293	7955	281	65
8293	8410	281	49
8295	7662	281	38
8295	9300	281	86
8296	7420	281	2
8296	8582	281	97
8297	7157	281	9
8297	9239	281	17
8298	9694	281	80
8298	9927	281	96
8299	8047	281	89
8299	8512	281	93
8303	7016	281	94
8303	8886	281	6
8304	6298	281	62
8304	9553	281	90
8305	6975	281	28
8305	7895	281	93
8305	8128	281	22
8308	6672	281	61
8308	7602	281	33
8308	8755	281	18
8309	9675	281	85
8310	9644	281	75
8311	7774	281	52
8311	8927	281	37
8313	6804	281	54
8313	7259	281	76
8313	9331	281	69
8314	8634	281	5
8315	8371	281	7
8317	9018	281	68
8318	6915	281	51
8318	8310	281	11
8318	9463	281	16
8319	7117	281	31
8319	9887	281	100
8320	6865	281	64
8320	8250	281	88
8321	9160	281	81
8322	9129	281	49
8323	7027	281	62
8323	7947	281	26
8323	8654	281	24
8324	6531	281	11
8324	6764	281	65
8324	7694	281	79
8325	9069	281	56
8326	8816	281	31
8328	6451	281	61
8329	8523	281	54
8329	8735	281	14
8331	6390	281	55
8331	8705	281	91
8332	7280	281	80
8333	7502	281	36
8333	8190	281	26
8333	9352	281	51
8334	6784	281	38
8334	8867	281	62
8336	9271	281	98
8337	6481	281	6
8340	8958	281	34
8342	6815	281	74
8342	8685	281	27
8342	9605	281	87
8343	6340	281	6
8344	9100	281	92
8345	6300	281	71
8345	6997	281	35
8345	8847	281	54
8346	8807	281	97
8347	7179	281	13
8347	8322	281	74
8348	7614	281	1
8348	9929	281	51
8349	7816	281	23
8350	8029	281	7
8350	9424	281	57
8351	7553	281	44
8352	9838	281	89
8353	7958	281	44
8355	7918	281	71
8355	8140	281	6
8356	6745	281	39
8357	7402	281	70
8357	8110	281	10
8357	9040	281	66
8358	8777	281	52
8359	7139	281	50
8359	9919	281	66
8361	8241	281	4
8362	7766	281	53
8363	8888	281	78
8364	7251	281	59
8365	8373	281	24
8366	7655	281	88
8367	6472	281	40
8369	9222	281	21
8371	6382	281	32
8371	7312	281	23
8371	8484	281	75
8372	6372	281	15
8372	7069	281	68
8372	8444	281	60
8374	6331	281	12
8374	8646	281	98
8378	7393	281	70
8379	7595	281	58
8379	8070	281	33
8379	8758	281	14
8380	6877	281	98
8380	7110	281	11
8380	9900	281	39
8381	9162	281	52
8382	9375	281	82
8385	6756	281	38
8386	9284	281	50
8387	7868	281	95
8388	9243	281	91
8388	9486	281	1
8389	6898	281	43
8390	8040	281	22
8392	6848	281	72
8393	6362	281	13
8393	6575	281	36
8393	7050	281	52
8393	8657	281	32
8393	8890	281	58
8395	6544	281	34
8395	7009	281	49
8395	7222	281	56
8395	7454	281	31
8395	9314	281	47
8396	7202	281	81
8396	8597	281	43
8397	8122	281	98
8398	7171	281	24
8399	6454	281	5
8399	6666	281	100
8399	7131	281	83
8400	8283	281	40
8400	8516	281	74
8400	9669	281	36
8401	6636	281	67
8401	7798	281	25
8401	8718	281	91
8401	9648	281	88
8403	7273	281	80
8403	9830	281	91
8405	9315	281	55
8406	6525	281	74
8407	6727	281	15
8408	6697	281	14
8408	6929	281	48
8409	8992	281	56
8409	9224	281	48
8410	7344	281	92
8412	8223	281	40
8413	9598	281	50
8414	8881	281	8
8415	8385	281	68
8416	7445	281	29
8420	7577	281	43
8420	8052	281	45
8421	6414	281	30
8421	7102	281	82
8421	8264	281	84
8422	7769	281	90
8422	8931	281	40
8423	6829	281	26
8423	7061	281	5
8424	7718	281	36
8424	8659	281	89
8424	9124	281	18
8426	7921	281	23
8426	9073	281	75
8427	7183	281	51
8427	8588	281	75
8427	8810	281	59
8427	9275	281	85
8429	8072	281	3
8429	8760	281	41
8431	7800	281	66
8431	9427	281	95
8432	6607	281	54
8432	9164	281	23
8434	7496	281	65
8435	6769	281	27
8436	8376	281	10
8436	9306	281	48
8437	6971	281	89
8437	7668	281	63
8437	8133	281	89
8437	8346	281	4
8438	7871	281	74
8440	8053	281	3
8441	6648	281	51
8441	6880	281	27
8442	7547	281	64
8442	8002	281	85
8443	8680	281	50
8444	6567	281	73
8444	9357	281	67
8445	7002	281	12
8445	7244	281	73
8445	8629	281	37
8446	7457	281	62
8446	7689	281	3
8446	8842	281	72
8448	6486	281	22
8448	9024	281	25
8449	6921	281	77
8450	8508	281	30
8452	6850	281	78
8452	8710	281	91
8454	8882	281	46
8455	6547	281	17
8455	7932	281	17
8457	9509	281	48
8458	7639	281	56
8458	8114	281	76
8460	7821	281	50
8461	7346	281	69
8461	8276	281	26
8462	8478	281	12
8462	9408	281	32
8462	9631	281	89
8463	7983	281	68
8463	8216	281	42
8463	8448	281	48
8464	7043	281	19
8464	9115	281	91
8465	8418	281	64
8465	9560	281	97
8467	8600	281	65
8467	9045	281	49
8468	7174	281	14
8468	7872	281	36
8469	6457	281	54
8469	8539	281	95
8471	6649	281	46
8472	7084	281	17
8472	8944	281	35
8472	9176	281	8
8474	6811	281	41
8474	7741	281	73
8475	7711	281	85
8476	7468	281	52
8476	9308	281	75
8477	6973	281	61
8478	6497	281	26
8478	6710	281	59
8480	7377	281	84
8481	6872	281	14
8481	8034	281	10
8484	7266	281	5
8484	9126	281	14
8485	7034	281	37
8486	6761	281	77
8487	6518	281	98
8487	8591	281	30
8488	9278	281	24
8489	6700	281	16
8490	6670	281	23
8490	6913	281	11
8490	8308	281	75
8490	9460	281	59
8491	6417	281	43
8491	7337	281	29
8491	7812	281	26
8491	9197	281	50
8492	6640	281	2
8492	8490	281	87
8494	6589	281	60
8494	8197	281	96
8495	6802	281	91
8496	7924	281	72
8496	8621	281	19
8496	8854	281	26
8498	7661	281	47
8499	7408	281	16
8499	7863	281	67
8500	9006	281	33
8501	8045	281	58
8501	9430	281	24
8502	6863	281	48
8506	7004	281	62
8506	7227	281	26
8507	8379	281	13
8507	9057	281	75
8507	9077	281	11
8510	8541	281	50
8513	9158	281	41
8514	9370	281	56
8515	6560	281	93
8515	6570	281	99
8515	7025	281	13
8515	7500	281	1
8515	7955	281	33
8515	8177	281	13
8516	6782	281	95
8517	6530	281	9
8518	8592	281	73
8519	7167	281	60
8519	7409	281	24
8521	7126	281	92
8521	7814	281	95
8522	7339	281	89
8524	8441	281	14
8524	8916	281	77
8526	9320	281	28
8527	7915	281	46
8528	6965	281	93
8530	6924	281	59
8531	6672	281	42
8532	8259	281	63
8532	8957	281	59
8533	8016	281	44
8533	8481	281	63
8539	6470	281	69
8539	7643	281	52
8540	8320	281	90
8540	9230	281	21
8541	7835	281	79
8543	6622	281	71
8543	7309	281	8
8544	7987	281	92
8545	8189	281	73
8546	7006	281	54
8546	8411	281	74
8547	6763	281	24
8547	8381	281	64
8548	6733	281	3
8548	7886	281	8
8549	6956	281	5
8549	8573	281	74
8550	7380	281	88
8550	8078	281	68
8551	6430	281	52
8551	6905	281	36
8552	7795	281	17
8553	6865	281	100
8553	7552	281	25
8553	9160	281	64
8554	8230	281	5
8555	6572	281	46
8555	9362	281	40
8556	7471	281	31
8558	6511	281	73
8558	7664	281	38
8559	9271	281	57
8560	6693	281	57
8560	9241	281	11
8561	7138	281	2
8564	6592	281	60
8565	8200	281	52
8565	8442	281	7
8566	6784	281	60
8567	7239	281	8
8569	7866	281	58
8569	8341	281	13
8571	6663	281	5
8571	7604	281	4
8572	9201	281	86
8575	6815	281	25
8576	7947	281	75
8578	8140	281	48
8579	6724	281	41
8581	7836	281	8
8581	8059	281	53
8581	8302	281	72
8581	8534	281	64
8582	7806	281	79
8583	7786	281	59
8584	7533	281	56
8584	7988	281	80
8585	7291	281	16
8586	7018	281	99
8586	7725	281	36
8587	7463	281	98
8587	9090	281	99
8589	6482	281	94
8591	6917	281	49
8594	6604	281	17
8596	7261	281	69
8596	7493	281	47
8597	6533	281	57
8597	6766	281	20
8600	6938	281	19
8600	7868	281	84
8602	6887	281	12
8602	7120	281	77
8604	8242	281	49
8605	9142	281	50
8607	8404	281	51
8608	6523	281	12
8610	8333	281	1
8612	6655	281	80
8614	6837	281	97
8615	7980	281	58
8615	8212	281	75
8617	8172	281	43
8618	6514	281	7
8618	6979	281	30
8622	7353	281	86
8622	8283	281	92
8624	8475	281	22
8625	6605	281	14
8627	7929	281	10
8627	8395	281	46
8628	6757	281	32
8628	7232	281	30
8628	8142	281	25
8629	7202	281	67
8630	6939	281	4
8632	6888	281	8
8632	8061	281	12
8633	6646	281	13
8634	7556	281	19
8635	7050	281	100
8635	7980	281	85
8636	6585	281	84
8637	6788	281	85
8637	7475	281	16
8639	6494	281	59
8639	6737	281	52
8640	8112	281	66
8641	6687	281	15
8643	7111	281	95
8643	7334	281	60
8646	7738	281	74
8649	8355	281	83
8651	7395	281	79
8651	8537	281	37
8652	6899	281	3
8655	8214	281	49
8659	8143	281	47
8661	7860	281	63
8661	8315	281	34
8662	8073	281	89
8663	6657	281	28
8666	7517	281	76
8667	6556	281	47
8668	8386	281	10
8669	6506	281	7
8669	7203	281	9
8670	7891	281	9
8671	7628	281	89
8673	8043	281	49
8673	8265	281	45
8674	6860	281	66
8676	7750	281	7
8676	7982	281	37
8678	7932	281	48
8683	8508	281	87
8684	8488	281	64
8685	7073	281	62
8686	6587	281	99
8686	6830	281	8
8687	7032	281	33
8688	6780	281	20
8688	7477	281	5
8688	7922	281	81
8690	7427	281	95
8691	6931	281	4
8694	7326	281	74
8695	7548	281	2
8696	8448	281	93
8698	7013	281	41
8700	6740	281	93
8700	6972	281	12
8702	7599	281	69
8703	6902	281	43
8705	7781	281	56
8705	8226	281	38
8707	8186	281	63
8709	7215	281	43
8710	7428	281	66
8711	6720	281	65
8711	8338	281	58
8712	7387	281	18
8713	7812	281	69
8718	8409	281	23
8722	6700	281	81
8722	7155	281	34
8722	7843	281	78
8723	8287	281	69
8725	7539	281	99
8726	7984	281	71
8727	6802	281	97
8728	6559	281	12
8728	7014	281	7
8728	7257	281	58
8732	6933	281	9
8733	7600	281	64
8734	6873	281	100
8736	8450	281	21
8737	6812	281	39
8738	7489	281	82
8740	7196	281	9
8743	6903	281	80
8743	7368	281	4
8744	7803	281	89
8745	7096	281	73
8745	8248	281	21
8746	7065	281	74
8746	7308	281	17
8748	6550	281	33
8748	6792	281	31
8750	6742	281	64
8750	6964	281	48
8750	7439	281	44
8750	8359	281	38
8752	7389	281	25
8752	8309	281	79
8755	7551	281	76
8758	8410	281	23
8759	8168	281	56
8759	8390	281	40
8762	8097	281	24
8763	7359	281	94
8764	8037	281	77
8766	6844	281	32
8766	7986	281	12
8769	6773	281	47
8770	6743	281	89
8771	6723	281	67
8771	6945	281	91
8771	7643	281	70
8773	6682	281	87
8776	7299	281	84
8779	7936	281	77
8781	6966	281	62
8781	7431	281	97
8781	8341	281	18
8782	6925	281	87
8782	7178	281	61
8783	8068	281	21
8787	8432	281	34
8791	6734	281	91
8792	7401	281	39
8792	7866	281	49
8795	8038	281	37
8797	7280	281	4
8797	7745	281	41
8797	7977	281	91
8799	8402	281	29
8800	7452	281	52
8803	7614	281	75
8805	7563	281	89
8806	7321	281	57
8807	7523	281	63
8811	7654	281	2
8812	7412	281	23
8813	6694	281	91
8814	7826	281	86
8818	7048	281	11
8819	7018	281	65
8820	7230	281	79
8820	7918	281	69
8821	6967	281	42
8822	6715	281	52
8824	6907	281	57
8824	7352	281	19
8826	8009	281	23
8829	6796	281	74
8829	7706	281	16
8836	7777	281	6
8839	7251	281	66
8840	6756	281	100
8843	6685	281	84
8849	7949	281	61
8851	7899	281	26
8852	6726	281	61
8853	6938	281	8
8858	7980	281	65
8862	7879	281	23
8864	7606	281	17
8865	7819	281	48
8866	6858	281	54
8866	7091	281	9
8867	7313	281	25
8868	6818	281	17
8868	7748	281	24
8869	7253	281	54
8870	7697	281	62
8874	6677	281	41
8874	7364	281	74
8874	8062	281	94
8875	6899	281	32
8876	7789	281	79
8877	7546	281	82
8879	7031	281	66
8879	7728	281	67
8883	6940	281	94
8885	7132	281	45
8885	7809	281	27
8886	7334	281	57
8891	6748	281	79
8895	6667	281	100
8898	6829	281	12
8898	7294	281	17
8900	6779	281	41
8900	7001	281	32
8902	7426	281	23
8903	6708	281	16
8903	7648	281	51
8903	7861	281	1
8907	6860	281	95
8910	7487	281	20
8911	7214	281	76
8913	6941	281	86
8917	6628	281	79
8919	6577	281	10
8922	6729	281	9
8922	6982	281	99
8925	6901	281	35
8925	7376	281	57
8926	6871	281	13
8926	7811	281	88
8928	7073	281	20
8930	7720	281	5
8931	6760	281	59
8934	7862	281	10
8936	6649	281	70
8939	7033	281	35
8939	7286	281	36
8940	6801	281	90
8943	6710	281	79
8948	6609	281	3
8951	7003	281	92
8952	6741	281	71
8953	7428	281	34
8954	6690	281	74
8957	7337	281	53
8961	6539	281	17
8962	6509	281	59
8969	6590	281	26
8969	6822	281	20
8970	6802	281	43
8970	7267	281	64
8971	7227	281	18
8972	7207	281	81
8973	6954	281	87
8974	7409	281	84
8977	6873	281	69
8983	6742	281	62
8985	6691	281	47
8986	6651	281	33
8988	6621	281	46
8994	6490	281	56
8994	6935	281	58
8996	6904	281	89
9002	6996	281	29
9005	6682	281	43
9007	7097	281	34
9009	6602	281	88
9011	6784	281	15
9012	6531	281	48
9019	7057	281	58
9020	6814	281	73
9022	6541	281	84
9024	6481	281	30
9025	6936	281	38
9030	6572	281	39
9033	6734	281	29
9037	6653	281	92
9038	7088	281	78
9043	6512	281	34
9043	6987	281	10
9045	6462	281	93
9046	6684	281	56
9054	6715	281	45
9056	6917	281	33
9060	6594	281	3
9060	7059	281	96
9064	7190	281	25
9070	6817	281	31
9072	6766	281	27
9076	6928	281	47
9078	6867	281	44
9082	6544	281	5
9083	6989	281	77
9087	6676	281	39
9090	6595	281	47
9094	6737	281	45
9098	6646	281	24
9101	6798	281	42
9102	6778	281	78
9108	6889	281	33
9110	6606	281	92
9120	7061	281	72
9126	7163	281	51
9127	6677	281	63
9128	7122	281	62
9129	7082	281	21
9131	7042	281	48
9134	6738	281	15
9140	6830	281	27
9143	6779	281	28
9158	6901	281	21
9166	6932	281	86
9176	6953	281	86
