4461	500		
5639	6909	561	14
5652	6142	561	88
5654	6101	561	47
5659	6910	561	12
5659	6920	561	82
5661	6182	561	96
5663	6830	561	88
5669	6213	561	13
5670	6425	561	87
5671	6870	561	41
5673	6132	561	23
5682	6840	561	45
5690	6891	561	18
5694	6801	561	9
5698	6265	561	4
5698	6952	561	53
5701	6184	561	24
5701	6407	561	19
5712	6154	561	50
5716	6296	561	38
5720	6438	561	35
5722	6397	561	65
5722	6873	561	28
5730	6458	561	8
5731	6893	561	86
5736	6317	561	82
5737	6064	561	57
5738	6034	561	30
5738	6267	561	95
5740	5984	561	62
5741	6206	561	71
5741	6418	561	41
5744	6368	561	65
5744	6823	561	33
5746	6783	561	84
5748	6490	561	80
5748	6965	561	19
5749	6944	561	59
5750	6227	561	42
5756	6308	561	27
5758	6733	561	16
5761	6440	561	9
5762	6187	561	21
5763	6389	561	48
5774	6127	561	54
5776	6319	561	77
5776	6774	561	10
5777	6289	561	78
5779	6026	561	28
5780	6916	561	44
5783	6168	561	48
5784	6137	561	56
5788	6744	561	67
5789	6249	561	100
5790	5996	561	3
5797	6077	561	97
5799	6482	561	77
5799	6957	561	98
5800	6472	561	52
5802	6411	561	77
5804	6836	561	48
5805	6350	561	56
5806	6563	561	56
5808	6047	561	15
5810	6229	561	87
5813	6159	561	18
5817	6311	561	23
5818	6988	561	47
5820	6472	561	85
5822	6200	561	69
5822	6432	561	44
5822	6877	561	11
5825	6594	561	44
5827	6089	561	8
5829	6726	561	14
5833	6392	561	99
5833	6635	561	6
5838	6281	561	59
5840	6948	561	22
5841	6686	561	48
5842	6665	561	93
5844	6160	561	10
5846	6807	561	77
5847	6544	561	2
5847	6999	561	27
5848	6049	561	32
5850	6251	561	61
5851	6919	561	11
5853	6413	561	71
5855	6120	561	58
5859	6272	561	12
5860	6009	561	13
5860	6484	561	74
5861	6687	561	15
5863	6869	561	90
5864	6616	561	99
5867	6090	561	88
5867	7010	561	43
5872	6909	561	27
5873	6171	561	24
5874	6151	561	23
5876	6333	561	5
5878	6768	561	5
5879	6738	561	42
5879	6970	561	82
5884	6394	561	94
5890	6253	561	51
5890	6718	561	78
5891	6000	561	43
5892	6668	561	29
5893	6880	561	4
5895	6840	561	13
5896	6122	561	94
5897	6324	561	87
5898	6304	561	67
5900	6496	561	99
5902	5971	561	60
5902	6911	561	36
5905	6365	561	77
5905	6618	561	3
5906	7042	561	46
5908	6759	561	69
5908	7002	561	96
5909	6042	561	71
5910	6264	561	9
5911	6941	561	39
5912	6456	561	17
5913	6891	561	53
5914	6163	561	73
5917	6568	561	42
5920	6022	561	75
5928	6083	561	63
5932	6225	561	21
5939	6983	561	29
5940	6275	561	3
5940	6953	561	23
5941	6245	561	75
5944	6185	561	59
5945	5922	561	37
5945	6144	561	3
5946	6367	561	20
5947	7034	561	16
5949	6296	561	92
5949	6529	561	38
5953	6195	561	46
5956	6832	561	23
5957	6114	561	55
5959	6064	561	76
5961	6479	561	49
5961	6944	561	51
5962	6923	561	68
5963	6438	561	50
5963	6671	561	54
5964	6418	561	33
5964	6651	561	10
5965	7095	561	6
5966	6610	561	27
5968	7025	561	27
5973	6894	561	91
5975	6388	561	12
5975	6398	561	86
5977	5873	561	99
5977	6803	561	97
5978	6783	561	35
5980	6742	561	25
5981	6712	561	77
5981	6945	561	71
5982	6004	561	5
5984	5964	561	26
5984	7117	561	12
5986	6844	561	65
5986	7076	561	66
5989	5833	561	84
5990	6975	561	58
5991	6247	561	36
5997	5884	561	15
5997	7036	561	50
5998	6096	561	43
6004	5965	561	93
6009	6996	561	27
6010	6289	561	93
6011	6723	561	77
6012	6926	561	26
6015	6178	561	74
6016	6147	561	39
6017	6360	561	74
6019	5854	561	42
6019	6552	561	65
6019	7007	561	66
6020	6977	561	21
6023	6906	561	83
6024	6663	561	30
6025	5935	561	64
6026	6603	561	55
6028	6107	561	97
6029	6785	561	54
6031	6047	561	75
6031	6259	561	22
6033	6229	561	23
6034	6209	561	100
6035	6168	561	1
6036	7078	561	75
6041	5805	561	90
6041	6502	561	44
6041	6735	561	89
6042	6017	561	97
6042	6472	561	77
6045	6179	561	1
6046	5916	561	76
6046	6856	561	62
6052	6938	561	68
6054	6200	561	6
6055	6422	561	89
6058	6351	561	80
6060	6058	561	22
6060	6523	561	7
6062	6483	561	56
6063	6453	561	61
6065	5957	561	20
6065	6645	561	93
6068	6817	561	11
6070	6999	561	6
6071	6736	561	71
6074	6666	561	36
6076	6403	561	37
6076	6615	561	90
6076	7090	561	39
6077	6372	561	81
6077	9153	561	76
6078	5887	561	79
6078	6110	561	64
6080	5847	561	20
6081	5817	561	40
6081	6969	561	33
6082	5796	561	56
6085	6423	561	57
6086	6868	561	10
6087	6150	561	54
6088	6130	561	44
6089	6322	561	57
6090	6777	561	78
6093	6474	561	26
6094	5989	561	19
6097	7071	561	67
6098	6808	561	88
6102	6950	561	28
6105	6424	561	74
6106	6394	561	52
6106	7102	561	13
6108	5899	561	41
6109	6091	561	19
6110	7011	561	19
6111	6050	561	39
6111	6293	561	69
6114	5767	561	28
6114	5990	561	72
6115	6667	561	7
6116	6637	561	51
6116	9195	561	66
6117	6607	561	98
6118	9144	561	39
6120	5859	561	1
6120	6536	561	40
6121	6759	561	2
6122	6506	561	21
6123	6253	561	30
6123	6708	561	88
6124	7608	561	94
6126	5940	561	61
6126	6172	561	26
6127	6850	561	89
6128	7527	561	13
6131	6991	561	98
6133	6951	561	92
6134	5758	561	16
6135	6901	561	62
6135	9206	561	52
6136	7103	561	15
6139	6335	561	17
6141	6072	561	67
6141	6304	561	74
6141	9064	561	72
6142	6042	561	52
6142	7659	561	32
6143	6476	561	58
6143	7639	561	22
6145	9671	561	50
6146	5708	561	53
6146	7579	561	77
6147	5931	561	81
6147	6628	561	93
6147	7073	561	4
6148	6841	561	7
6149	7498	561	61
6150	6325	561	23
6150	6548	561	79
6151	5840	561	59
6153	5800	561	36
6154	6689	561	10
6154	7144	561	48
6155	5982	561	10
6156	7346	561	20
6158	5901	561	20
6158	9601	561	76
6159	5648	561	64
6159	6113	561	51
6160	6791	561	99
6161	6295	561	47
6161	7468	561	49
6162	6508	561	93
6164	6457	561	96
6166	6892	561	87
6166	7114	561	78
6167	7327	561	69
6169	7034	561	99
6172	6053	561	7
6172	6973	561	50
6173	9258	561	32
6174	6458	561	41
6174	7165	561	89
6176	5730	561	65
6176	5962	561	45
6176	7580	561	12
6176	9662	561	40
6177	6862	561	23
6177	7550	561	15
6177	9167	561	77
6180	6802	561	41
6181	5841	561	57
6181	7459	561	86
6182	6519	561	59
6182	6751	561	91
6183	9046	561	56
6184	5781	561	5
6185	6903	561	30
6185	8520	561	46
6186	6428	561	8
6187	6397	561	32
6189	6590	561	30
6189	7277	561	55
6190	5862	561	31
6190	6327	561	65
6190	6559	561	85
6190	9562	561	16
6191	7237	561	57
6193	6964	561	69
6193	7661	561	75
6196	6651	561	28
6196	9198	561	18
6199	5670	561	88
6199	7055	561	60
6200	7500	561	95
6201	6782	561	24
6201	9320	561	100
6202	7450	561	56
6204	6247	561	96
6204	7409	561	79
6204	9724	561	19
6206	9674	561	16
6207	6166	561	57
6208	6853	561	20
6209	8441	561	77
6209	9361	561	27
6210	5863	561	57
6210	9108	561	39
6211	7005	561	22
6212	6297	561	25
6213	5802	561	11
6213	6955	561	65
6215	5984	561	92
6215	6692	561	6
6215	7602	561	81
6217	5701	561	50
6217	5944	561	59
6217	7329	561	25
6217	7571	561	18
6218	6621	561	63
6218	7531	561	72
6219	5903	561	7
6219	9604	561	63
6223	6490	561	9
6224	7643	561	74
6225	8532	561	65
6225	9230	561	7
6227	7107	561	70
6228	9159	561	73
6232	9068	561	100
6233	5803	561	34
6233	7431	561	18
6234	5793	561	22
6234	6723	561	77
6234	6935	561	57
6235	6460	561	42
6236	6430	561	61
6236	7138	561	97
6238	6390	561	80
6239	6834	561	70
6239	7057	561	63
6239	7522	561	1
6240	9807	561	20
6241	5854	561	37
6241	6774	561	17
6241	9089	561	6
6245	6218	561	91
6245	8553	561	71
6245	8998	561	53
6246	7360	561	81
6247	9190	561	22
6248	8483	561	46
6249	5672	561	17
6249	6137	561	4
6249	6380	561	21
6250	6582	561	49
6250	9362	561	80
6250	9595	561	92
6251	6552	561	20
6251	7017	561	46
6252	8392	561	24
6253	6047	561	49
6253	6279	561	69
6254	6249	561	70
6256	5966	561	75
6256	6663	561	3
6256	9686	561	53
6257	6411	561	50
6258	6623	561	59
6258	7563	561	78
6259	5915	561	94
6259	8463	561	44
6262	6997	561	33
6262	9535	561	95
6262	9545	561	1
6263	6057	561	10
6263	9050	561	50
6266	6219	561	96
6266	7604	561	95
6267	5946	561	78
6269	9838	561	48
6270	7038	561	68
6270	7513	561	62
6270	9596	561	35
6272	5835	561	24
6272	9768	561	8
6273	8363	561	34
6273	9293	561	34
6274	6715	561	13
6275	5997	561	56
6276	6907	561	3
6277	6199	561	40
6277	7119	561	92
6277	7342	561	73
6277	8979	561	32
6277	9424	561	50
6278	5694	561	26
6278	9182	561	58
6280	6584	561	48
6280	7271	561	14
6280	9141	561	6
6281	6341	561	44
6282	7463	561	8
6282	8393	561	74
6283	7433	561	80
6283	9061	561	44
6285	8565	561	83
6285	9010	561	13
6285	9253	561	7
6286	6675	561	59
6287	8515	561	48
6287	9667	561	81
6288	6169	561	27
6288	7099	561	75
6289	5684	561	62
6289	6382	561	21
6289	8464	561	40
6291	6786	561	94
6292	6089	561	11
6292	6999	561	68
6293	7666	561	24
6294	6038	561	76
6295	6483	561	78
6295	8323	561	99
6295	9476	561	92
6296	7605	561	53
6298	9415	561	2
6299	6150	561	51
6299	7535	561	2
6300	5887	561	72
6300	6817	561	92
6302	6534	561	49
6302	7242	561	63
6306	6443	561	15
6306	8991	561	43
6311	7040	561	18
6312	9325	561	58
6313	6757	561	91
6313	9527	561	10
6314	9284	561	6
6315	8567	561	65
6317	5968	561	14
6317	6191	561	31
6317	6888	561	47
6317	7353	561	69
6317	9436	561	99
6318	7556	561	78
6318	8263	561	7
6319	6383	561	74
6320	5898	561	19
6320	6595	561	2
6320	8445	561	32
6320	9143	561	51
6320	9841	561	4
6321	6333	561	38
6322	7485	561	42
6322	9093	561	17
6323	6757	561	33
6323	6980	561	45
6323	8152	561	43
6324	6262	561	4
6324	8587	561	39
6325	6717	561	25
6326	6222	561	91
6326	7607	561	54
6327	8294	561	8
6328	7334	561	90
6329	6626	561	40
6329	7091	561	10
6331	6576	561	80
6331	9346	561	59
6332	7010	561	8
6332	9801	561	12
6333	9770	561	4
6334	8133	561	37
6334	8355	561	5
6335	9497	561	76
6338	5949	561	2
6338	6404	561	15
6339	5919	561	41
6339	6151	561	70
6339	9872	561	16
6340	7536	561	74
6340	9619	561	99
6341	9589	561	41
6342	5868	561	55
6342	6556	561	80
6342	6778	561	46
6343	8143	561	34
6344	7193	561	17
6344	7668	561	44
6346	5990	561	67
6346	9478	561	37
6348	6415	561	20
6349	8952	561	65
6350	7072	561	76
6351	6819	561	47
6352	6324	561	78
6352	8416	561	97
6353	5829	561	70
6353	8609	561	93
6353	9316	561	22
6354	6041	561	52
6355	6961	561	94
6356	6688	561	4
6356	7386	561	85
6357	7143	561	76
6357	7375	561	73
6357	7608	561	65
6357	8518	561	37
6357	8528	561	22
6358	8265	561	13
6358	9205	561	1
6359	8023	561	37
6359	9165	561	74
6360	5900	561	76
6360	8922	561	6
6361	9357	561	53
6362	7264	561	41
6362	8184	561	83
6362	9114	561	77
6364	7669	561	69
6365	6254	561	79
6367	8983	561	55
6367	9216	561	82
6368	6891	561	67
6368	9438	561	17
6369	6628	561	16
6370	6365	561	40
6370	7063	561	31
6370	7770	561	78
6371	8427	561	11
6373	7235	561	24
6373	7467	561	11
6373	9075	561	95
6375	9044	561	35
6376	8327	561	97
6376	9712	561	26
6377	6921	561	30
6377	7376	561	82
6378	6183	561	19
6380	6153	561	50
6380	7993	561	93
6380	8458	561	3
6380	9398	561	32
6380	9621	561	53
6381	5900	561	7
6381	6345	561	84
6381	6598	561	79
6382	7720	561	55
6382	7963	561	63
6383	7013	561	95
6384	9540	561	56
6385	8115	561	83
6386	7852	561	54
6389	8944	561	1
6392	6093	561	41
6392	6113	561	25
6392	6326	561	7
6392	6791	561	40
6393	5850	561	89
6393	9328	561	14
6393	9793	561	94
6395	6275	561	94
6395	7650	561	98
6395	9055	561	18
6396	8338	561	20
6396	8570	561	58
6396	9480	561	39
6397	6912	561	38
6397	8540	561	66
6398	7124	561	55
6399	8479	561	56
6399	9652	561	80
6400	6609	561	64
6400	9167	561	77
6401	7276	561	90
6401	9834	561	12
6402	6569	561	43
6402	9126	561	98
6404	6053	561	99
6404	6993	561	3
6404	7913	561	20
6406	6478	561	48
6406	6720	561	94
6407	6225	561	16
6407	7620	561	38
6407	8065	561	69
6407	9005	561	77
6408	5972	561	16
6408	7357	561	43
6408	7833	561	46
6408	8288	561	16
6409	7095	561	81
6410	7772	561	57
6411	6822	561	33
6411	7519	561	76
6412	8429	561	86
6414	6751	561	45
6414	7226	561	99
6415	5811	561	97
6415	7196	561	75
6415	7418	561	72
6416	8096	561	86
6416	9491	561	20
6418	8510	561	22
6419	6175	561	28
6420	9855	561	97
6423	7712	561	54
6424	6307	561	45
6424	8389	561	55
6425	7894	561	24
6426	9714	561	88
6427	6236	561	12
6427	9229	561	98
6429	7803	561	59
6431	6135	561	56
6431	9370	561	51
6431	9613	561	71
6432	5882	561	57
6432	6802	561	16
6433	6095	561	38
6433	7025	561	63
6434	9320	561	96
6437	7146	561	34
6438	6914	561	51
6438	7369	561	20
6438	8066	561	41
6438	9674	561	88
6439	5954	561	76
6439	6419	561	36
6439	8279	561	71
6439	8966	561	86
6440	8006	561	8
6441	6368	561	84
6441	6611	561	33
6441	9846	561	27
6442	7743	561	91
6442	7966	561	72
6442	8208	561	92
6442	9128	561	36
6443	5863	561	21
6443	8168	561	93
6443	9108	561	34
6446	8582	561	25
6447	6004	561	18
6448	7127	561	77
6448	8532	561	46
6448	8997	561	58
6450	7561	561	64
6450	8239	561	79
6450	9401	561	97
6452	6813	561	19
6453	7026	561	81
6453	7491	561	58
6454	6308	561	44
6454	8623	561	34
6455	6520	561	82
6456	6035	561	88
6456	6268	561	75
6456	8340	561	63
6457	6692	561	95
6457	7855	561	13
6457	8553	561	72
6458	6450	561	11
6458	7612	561	23
6459	6885	561	88
6459	8280	561	15
6460	5924	561	37
6460	7329	561	58
6461	7067	561	51
6464	9321	561	15
6465	5823	561	75
6465	6986	561	8
6466	6733	561	89
6466	7188	561	70
6466	9513	561	22
6467	6470	561	22
6469	8502	561	52
6470	6622	561	5
6471	6137	561	22
6471	6835	561	72
6472	7744	561	82
6472	9605	561	34
6473	6562	561	33
6475	9534	561	3
6477	6936	561	3
6477	7168	561	35
6477	7401	561	64
6477	8088	561	88
6479	6188	561	67
6479	7118	561	52
6479	7826	561	97
6480	7330	561	89
6481	6855	561	96
6481	8240	561	5
6482	8432	561	80
6482	8897	561	80
6483	8190	561	73
6484	5844	561	7
6484	6309	561	91
6484	7229	561	30
6484	7694	561	35
6485	6512	561	17
6485	9302	561	1
6486	8119	561	94
6488	6906	561	43
6488	7614	561	32
6488	8999	561	18
6488	9241	561	98
6488	9454	561	6
6491	6380	561	79
6492	7513	561	25
6493	6108	561	71
6493	9575	561	80
6494	9788	561	39
6496	6037	561	56
6496	6047	561	17
6496	8585	561	82
6497	6472	561	95
6498	6684	561	32
6498	8544	561	41
6499	5976	561	16
6499	8514	561	88
6500	7341	561	79
6500	7806	561	62
6500	8029	561	83
6501	9394	561	68
6503	5886	561	14
6503	9343	561	52
6504	6775	561	77
6506	9050	561	57
6506	9283	561	63
6507	7645	561	99
6507	9717	561	14
6510	6169	561	19
6510	6422	561	61
6510	9192	561	30
6511	5936	561	28
6511	6846	561	3
6511	8464	561	29
6512	6129	561	14
6512	7069	561	67
6513	7028	561	29
6513	8424	561	67
6514	6088	561	5
6514	6553	561	19
6514	7008	561	51
6514	7948	561	72
6514	9101	561	39
6515	6523	561	93
6515	7453	561	32
6516	7898	561	8
6516	8585	561	63
6517	5795	561	56
6517	8565	561	43
6518	6928	561	38
6518	8313	561	34
6519	6442	561	71
6519	9667	561	67
6520	5957	561	70
6521	8929	561	12
6522	7757	561	40
6523	6109	561	21
6525	6291	561	10
6525	7686	561	42
6526	9526	561	8
6527	6716	561	72
6527	7181	561	79
6528	5998	561	16
6528	6240	561	36
6528	7626	561	15
6528	7848	561	68
6529	5735	561	50
6529	5755	561	81
6529	6898	561	72
6529	8980	561	46
6530	7575	561	21
6530	9648	561	97
6531	9860	561	53
6532	5907	561	20
6532	6827	561	31
6532	8212	561	58
6533	9132	561	16
6533	9597	561	90
6535	6989	561	100
6535	8384	561	13
6536	5806	561	11
6538	8091	561	71
6540	6656	561	11
6540	7808	561	62
6541	6393	561	14
6541	7090	561	2
6541	7323	561	89
6542	6605	561	79
6543	6352	561	52
6544	7485	561	88
6545	9557	561	88
6546	8142	561	85
6546	9759	561	57
6548	6009	561	43
6548	9244	561	52
6549	5979	561	83
6550	8051	561	56
6551	5928	561	44
6551	9173	561	79
6552	8456	561	60
6553	6575	561	99
6553	7980	561	31
6554	8173	561	87
6554	8880	561	90
6555	5847	561	60
6555	6070	561	16
6555	9325	561	49
6556	9052	561	34
6558	6464	561	47
6559	5757	561	86
6559	6687	561	99
6559	6899	561	41
6560	6191	561	66
6561	9871	561	36
6561	9881	561	47
6562	7758	561	15
6563	6808	561	64
6565	7465	561	56
6565	7708	561	81
6565	8395	561	78
6565	8618	561	33
6566	6525	561	16
6566	6748	561	62
6566	6980	561	29
6566	9528	561	80
6567	6252	561	23
6567	8578	561	51
6567	8820	561	30
6568	6930	561	52
6568	8315	561	49
6569	7152	561	18
6569	9457	561	37
6570	6434	561	89
6572	7082	561	21
6572	7314	561	52
6572	8012	561	84
6573	5889	561	59
6573	7041	561	74
6573	7516	561	59
6573	9134	561	43
6573	9609	561	81
6574	7253	561	23
6574	9569	561	77
6575	9316	561	86
6576	7921	561	44
6577	6960	561	87
6577	7203	561	56
6577	7880	561	42
6578	6020	561	80
6578	7638	561	100
6578	9255	561	19
6579	6212	561	87
6580	7345	561	96
6580	8285	561	91
6581	5950	561	3
6581	7790	561	81
6581	9640	561	7
6582	6162	561	41
6583	6354	561	66
6583	9144	561	21
6583	9842	561	30
6584	6566	561	55
6584	8417	561	14
6585	7001	561	88
6587	6728	561	47
6587	8589	561	79
6588	7396	561	87
6589	5758	561	80
6589	9003	561	98
6590	7578	561	31
6590	7820	561	27
6590	9205	561	47
6591	6405	561	10
6591	6880	561	97
6591	8023	561	10
6596	6304	561	16
6596	8619	561	97
6596	8832	561	3
6596	9297	561	37
6597	5809	561	66
6597	7659	561	48
6597	9752	561	100
6599	6456	561	30
6599	6678	561	57
6599	7851	561	23
6599	9701	561	94
6600	6436	561	38
6600	6901	561	58
6600	8518	561	72
6601	6638	561	28
6602	6153	561	65
6602	7093	561	45
6602	8235	561	6
6604	7740	561	5
6605	8640	561	21
6605	8872	561	41
6605	9792	561	59
6606	8377	561	37
6607	6497	561	65
6607	8134	561	5
6608	6244	561	49
6608	7417	561	49
6608	8104	561	37
6609	5991	561	16
6609	8317	561	44
6611	7336	561	63
6612	7781	561	9
6612	9621	561	10
6613	6598	561	70
6613	7983	561	20
6614	7730	561	43
6615	6083	561	5
6615	6548	561	26
6616	7458	561	65
6616	7923	561	55
6617	6275	561	42
6617	6730	561	35
6617	7892	561	44
6617	9520	561	53
6618	6012	561	21
6619	8539	561	72
6620	6912	561	78
6620	7144	561	3
6620	7367	561	52
6620	7832	561	22
6621	6881	561	94
6621	8954	561	23
6622	6164	561	57
6622	7549	561	29
6622	8469	561	45
6622	9864	561	89
6623	6841	561	73
6623	7064	561	20
6624	9369	561	78
6625	7256	561	86
6625	8631	561	45
6626	9075	561	36
6626	9308	561	13
6627	9278	561	15
6628	7873	561	27
6630	6205	561	99
6631	8277	561	74
6631	9197	561	9
6632	9632	561	59
6634	8429	561	1
6635	6326	561	99
6635	9116	561	74
6635	9571	561	93
6636	6306	561	21
6636	8854	561	93
6637	6043	561	4
6637	8358	561	64
6638	6963	561	98
6638	7408	561	83
6638	9966	561	75
6639	9713	561	72
6640	7600	561	63
6640	8308	561	80
6640	8995	561	34
6642	6852	561	33
6643	7994	561	29
6644	6124	561	14
6644	6357	561	10
6644	6812	561	32
6644	7044	561	24
6645	6326	561	7
6646	6761	561	18
6647	9531	561	57
6649	7631	561	28
6651	6428	561	72
6651	7125	561	87
6653	7773	561	39
6653	8470	561	11
6654	7510	561	58
6654	7752	561	1
6654	8895	561	4
6655	8652	561	50
6657	6742	561	5
6657	7682	561	18
6657	8612	561	49
6659	6711	561	52
6660	9916	561	68
6661	6651	561	95
6661	8511	561	25
6663	6610	561	43
6663	6843	561	11
6663	7308	561	20
6663	9633	561	3
6664	7278	561	25
6664	8430	561	98
6664	9370	561	9
6665	7712	561	2
6666	9775	561	20
6667	6995	561	58
6667	8147	561	11
6667	9997	561	72
6668	6489	561	13
6669	6004	561	38
6669	8562	561	82
6669	9259	561	99
6670	6216	561	98
6670	6459	561	65
6670	7146	561	39
6670	9472	561	30
6670	9684	561	65
6671	7581	561	99
6672	8956	561	87
6673	8238	561	55
6674	7046	561	64
6674	7521	561	94
6674	9826	561	50
6675	6793	561	71
6676	8623	561	84
6677	6065	561	97
6677	7440	561	11
6677	7905	561	30
6678	6035	561	16
6678	6732	561	63
6678	9058	561	25
6680	7834	561	68
6681	6894	561	33
6682	6176	561	5
6683	9169	561	78
6684	7299	561	34
6685	6581	561	49
6685	8886	561	63
6688	6278	561	31
6688	8825	561	71
6689	6005	561	30
6689	7178	561	83
6689	9725	561	18
6690	7845	561	99
6691	7370	561	51
6691	8512	561	20
6691	9442	561	35
6692	7794	561	59
6692	8967	561	62
6693	8239	561	68
6693	8694	561	58
6694	7511	561	2
6695	6804	561	79
6696	8856	561	2
6697	7916	561	66
6700	6683	561	89
6700	8310	561	46
6701	7593	561	56
6704	6137	561	31
6704	7765	561	37
6704	8442	561	35
6704	8917	561	27
6705	6107	561	76
6705	7047	561	44
6706	6087	561	84
6706	10019	561	35
6707	8624	561	19
6708	9049	561	74
6709	7866	561	85
6710	8543	561	25
6711	7138	561	84
6711	9918	561	11
6712	6410	561	63
6712	7108	561	94
6713	5935	561	86
6713	9635	561	61
6715	6117	561	46
6715	9595	561	81
6716	6562	561	20
6716	7017	561	94
6716	9342	561	50
6717	6754	561	58
6717	8382	561	96
6718	6037	561	64
6718	7209	561	13
6718	8827	561	36
6720	6229	561	12
6720	6471	561	52
6720	7169	561	66
6720	8786	561	83
6720	9484	561	77
6721	8999	561	56
6722	8736	561	35
6723	7088	561	90
6723	9403	561	84
6724	7078	561	6
6725	5895	561	28
6725	6350	561	43
6726	7948	561	52
6727	6300	561	73
6727	7240	561	29
6727	7685	561	61
6727	9788	561	9
6729	7644	561	33
6729	7887	561	5
6730	8554	561	91
6731	6452	561	58
6731	6906	561	85
6732	5956	561	95
6733	6158	561	74
6733	7331	561	58
6733	9171	561	34
6734	6138	561	17
6734	7058	561	96
6734	9151	561	97
6734	9838	561	42
6736	7261	561	56
6737	6543	561	40
6737	7473	561	56
6738	6058	561	38
6738	6967	561	11
6738	9283	561	82
6739	6502	561	4
6739	9727	561	88
6740	6705	561	59
6740	6937	561	68
6740	7857	561	86
6742	6199	561	68
6742	7817	561	76
6743	8252	561	24
6744	8009	561	19
6745	7504	561	79
6746	6786	561	62
6746	7018	561	35
6746	9101	561	68
6746	10041	561	24
6748	8363	561	21
6748	9061	561	38
6749	7190	561	66
6749	7645	561	95
6749	9040	561	88
6750	6250	561	4
6751	7140	561	14
6751	8535	561	40
6752	6655	561	5
6752	7110	561	17
6752	7585	561	23
6752	9425	561	26
6753	6857	561	38
6753	9647	561	13
6754	9859	561	3
6755	5886	561	13
6756	7959	561	1
6756	8889	561	51
6756	9354	561	27
6757	6999	561	85
6757	7696	561	63
6757	9779	561	13
6758	6756	561	69
6759	8121	561	7
6760	6473	561	59
6760	8778	561	23
6760	9253	561	78
6762	9213	561	34
6764	5927	561	29
6764	6837	561	33
6764	7080	561	81
6764	8930	561	83
6764	9627	561	80
6765	7282	561	54
6766	9577	561	37
6767	7929	561	71
6769	6271	561	41
6769	7191	561	28
6769	7434	561	66
6770	6939	561	72
6770	7869	561	72
6770	8324	561	19
6773	8728	561	6
6774	6160	561	20
6774	9395	561	37
6776	7960	561	99
6777	6322	561	52
6777	7020	561	1
6777	7485	561	2
6777	8860	561	28
6778	5837	561	92
6779	8354	561	46
6780	9962	561	48
6781	8779	561	55
6782	9669	561	93
6783	7343	561	73
6783	7798	561	21
6783	8274	561	12
6783	8486	561	82
6784	7556	561	6
6785	6595	561	83
6785	9153	561	33
6786	8658	561	25
6786	9345	561	72
6786	9810	561	79
6787	7708	561	21
6788	6060	561	50
6788	9072	561	50
6789	6040	561	73
6790	6009	561	6
6790	7415	561	29
6790	8567	561	23
6791	6697	561	45
6791	7162	561	40
6791	8547	561	23
6792	5979	561	16
6792	9912	561	98
6794	7324	561	79
6795	6141	561	73
6797	6545	561	48
6797	8396	561	50
6798	7920	561	24
6799	7435	561	66
6799	8588	561	83
6800	7648	561	91
6800	8113	561	68
6800	8790	561	26
6800	9720	561	38
6801	9467	561	82
6802	6434	561	7
6802	6899	561	28
6803	6657	561	5
6804	5939	561	100
6804	6617	561	7
6805	6131	561	58
6805	7991	561	29
6805	8922	561	83
6806	7051	561	91
6806	7274	561	92
6807	9114	561	83
6807	10034	561	77
6808	6303	561	96
6808	7223	561	82
6809	7203	561	47
6809	9296	561	98
6810	6718	561	54
6810	8345	561	75
6810	9023	561	14
6812	7132	561	84
6813	6182	561	55
6815	5899	561	87
6815	6152	561	67
6815	6364	561	17
6817	7476	561	9
6819	9761	561	84
6819	9984	561	97
6821	7618	561	41
6822	8750	561	33
6822	8983	561	89
6824	5940	561	7
6824	9873	561	84
6825	8690	561	77
6826	7962	561	76
6826	9135	561	22
6827	5859	561	73
6827	6557	561	9
6827	7032	561	24
6827	8174	561	67
6828	6769	561	23
6828	7012	561	96
6828	8629	561	49
6829	6294	561	17
6829	7902	561	86
6829	8124	561	36
6829	8377	561	23
6829	8832	561	48
6830	7416	561	31
6830	8801	561	5
6831	6466	561	55
6833	7588	561	92
6833	8053	561	89
6833	9661	561	34
6834	7548	561	89
6835	7305	561	88
6835	9610	561	47
6835	9843	561	18
6836	6123	561	89
6836	8215	561	95
6836	8893	561	78
6838	9085	561	97
6838	9560	561	15
6839	6527	561	45
6840	6254	561	83
6840	9044	561	83
6841	9934	561	6
6842	8771	561	49
6843	7356	561	38
6843	8276	561	78
6843	8519	561	47
6843	9904	561	36
6844	8013	561	77
6844	8478	561	30
6845	5921	561	36
6845	6143	561	79
6845	9388	561	56
6846	7751	561	45
6846	8216	561	50
6846	8681	561	19
6847	6093	561	12
6847	7953	561	74
6848	7013	561	51
6848	7710	561	3
6848	10015	561	31
6849	6052	561	100
6849	8378	561	57
6850	6487	561	61
6850	8570	561	71
6851	6002	561	30
6852	6689	561	16
6852	7599	561	67
6852	7619	561	88
6852	7842	561	61
6853	8752	561	22
6854	5951	561	97
6854	9874	561	95
6855	7316	561	91
6855	8934	561	39
6856	6831	561	32
6856	7064	561	77
6856	7519	561	24
6857	6336	561	34
6857	6801	561	69
6857	9338	561	2
6858	6305	561	86
6858	7478	561	76
6859	6528	561	22
6860	6740	561	97
6862	9237	561	90
6863	6205	561	49
6863	6670	561	2
6864	8257	561	92
6864	8499	561	18
6864	8712	561	25
6866	9834	561	12
6867	6579	561	96
6867	7034	561	9
6867	7266	561	34
6868	9784	561	99
6870	7671	561	88
6872	7155	561	93
6873	6903	561	26
6875	6397	561	76
6875	7085	561	18
6877	5882	561	81
6877	8419	561	58
6879	7216	561	49
6879	8146	561	97
6880	7894	561	87
6881	6246	561	56
6881	7408	561	44
6882	6448	561	76
6882	9471	561	8
6883	7590	561	89
6883	8743	561	2
6884	6408	561	64
6884	7803	561	21
6885	5922	561	64
6885	6610	561	83
6886	7762	561	26
6887	7035	561	34
6888	5862	561	34
6888	7237	561	12
6889	6539	561	46
6889	6762	561	72
6889	8834	561	2
6890	6277	561	99
6890	9512	561	22
6891	6954	561	34
6891	9026	561	81
6892	6469	561	4
6892	7166	561	36
6892	8541	561	94
6893	6216	561	48
6893	8056	561	72
6893	8986	561	24
6894	6418	561	49
6894	7348	561	58
6894	8278	561	37
6894	8956	561	34
6895	7540	561	77
6896	6135	561	39
6896	9158	561	50
6896	10078	561	90
6897	8885	561	26
6897	9583	561	100
6898	5862	561	87
6898	7470	561	15
6899	6985	561	49
6899	7915	561	5
6900	8127	561	97
6900	8370	561	96
6900	8592	561	88
6900	9987	561	23
6901	6722	561	7
6902	9694	561	65
6903	5974	561	99
6904	8259	561	14
6904	9421	561	51
6904	9664	561	4
6906	7056	561	96
6906	9603	561	69
6907	6338	561	64
6907	6358	561	72
6907	7268	561	39
6908	7713	561	87
6908	8410	561	43
6909	6065	561	36
6909	10018	561	73
6910	6520	561	82
6912	8097	561	15
6913	6449	561	54
6913	6914	561	68
6913	7137	561	68
6914	9189	561	8
6915	6389	561	38
6915	6621	561	58
6915	6854	561	78
6916	8451	561	41
6917	6591	561	97
6917	7966	561	51
6917	9119	561	22
6917	9826	561	32
6918	7026	561	52
6918	8178	561	7
6918	9331	561	61
6920	7208	561	3
6920	7430	561	73
6920	8825	561	22
6920	9513	561	47
6921	7885	561	85
6921	9260	561	53
6922	6005	561	83
6922	6227	561	11
6922	6692	561	34
6922	8330	561	27
6923	7380	561	3
6923	7845	561	75
6924	9897	561	33
6925	8027	561	61
6927	7744	561	99
6927	10069	561	8
6929	9776	561	35
6929	10009	561	28
6930	7673	561	85
6931	7178	561	34
6931	9726	561	12
6934	7340	561	72
6935	5945	561	26
6935	6410	561	34
6935	7107	561	99
6935	8260	561	40
6936	7077	561	92
6936	8462	561	92
6937	5905	561	42
6937	6127	561	84
6937	7057	561	40
6939	7472	561	5
6939	9554	561	79
6940	8381	561	45
6941	6491	561	33
6941	7644	561	12
6942	6926	561	85
6942	8088	561	73
6943	8523	561	53
6945	6178	561	15
6945	8948	561	64
6946	6855	561	75
6947	7280	561	16
6948	6330	561	76
6948	6572	561	94
6948	9110	561	3
6949	7229	561	84
6950	6289	561	69
6950	8604	561	12
6951	6259	561	37
6951	7654	561	61
6953	6229	561	72
6953	6674	561	86
6953	8989	561	12
6954	7361	561	56
6955	6633	561	95
6955	8493	561	23
6955	9888	561	2
6956	8231	561	21
6956	8706	561	39
6957	6370	561	57
6959	7695	561	87
6960	6057	561	54
6960	8837	561	62
6961	6957	561	43
6962	6482	561	54
6962	7867	561	27
6962	9960	561	70
6964	9212	561	35
6966	6846	561	69
6967	6128	561	1
6967	7513	561	79
6967	7978	561	28
6967	9849	561	20
6968	8201	561	93
6968	8666	561	34
6969	8393	561	8
6972	7412	561	34
6973	5987	561	16
6973	7625	561	37
6973	8070	561	58
6974	7129	561	70
6975	7342	561	2
6975	9414	561	35
6976	7787	561	30
6976	8929	561	6
6976	9172	561	15
6977	7291	561	44
6980	6988	561	96
6980	8151	561	46
6980	9778	561	52
6981	8131	561	12
6981	9283	561	36
6982	6948	561	34
6983	9708	561	76
6984	8282	561	49
6984	8990	561	73
6986	7555	561	1
6987	7059	561	79
6988	6584	561	78
6988	7039	561	52
6988	8192	561	53
6989	6776	561	58
6989	7019	561	9
6989	8646	561	93
6989	9334	561	91
6990	6524	561	97
6990	8606	561	13
6992	7191	561	79
6992	9041	561	52
6993	6241	561	16
6993	8778	561	78
6993	9698	561	95
6994	5968	561	70
6994	6433	561	79
6994	8060	561	35
6995	6413	561	40
6995	9900	561	71
6997	5907	561	84
6997	9142	561	84
6998	5887	561	76
6998	7747	561	89
6999	7242	561	5
6999	7939	561	55
7000	7697	561	41
7001	8829	561	96
7002	7646	561	29
7002	8566	561	19
7003	8091	561	93
7004	7141	561	40
7005	7818	561	67
7006	6170	561	69
7007	6373	561	22
7007	9395	561	92
7008	7505	561	53
7008	9830	561	95
7009	7727	561	4
7009	8415	561	44
7009	8870	561	71
7010	6535	561	30
7010	7455	561	33
7010	8152	561	33
7010	10002	561	85
7011	7899	561	25
7011	8132	561	59
7012	6494	561	18
7012	6949	561	63
7012	8344	561	65
7013	6696	561	74
7013	7616	561	80
7013	9942	561	39
7014	6666	561	43
7014	9466	561	13
7015	6878	561	79
7015	9436	561	13
7016	6626	561	46
7016	7566	561	57
7016	8021	561	52
7017	6141	561	54
7017	6373	561	54
7017	7303	561	83
7018	8446	561	5
7019	7960	561	91
7020	9083	561	29
7021	7667	561	73
7021	9538	561	10
7022	8587	561	83
7022	8800	561	80
7023	7172	561	84
7024	8759	561	40
7025	6202	561	96
7025	6889	561	97
7025	8274	561	15
7026	7789	561	82
7026	8476	561	53
7026	8709	561	18
7027	5908	561	92
7027	7526	561	43
7027	8224	561	60
7030	7243	561	15
7031	6060	561	11
7031	6748	561	46
7031	7223	561	3
7032	6263	561	62
7032	6970	561	71
7033	8315	561	84
7034	5990	561	38
7034	6455	561	15
7034	8537	561	92
7034	9225	561	70
7035	7132	561	57
7037	8932	561	41
7037	9852	561	86
7038	6586	561	61
7039	6111	561	65
7039	9346	561	26
7040	6313	561	93
7040	6778	561	46
7041	9771	561	47
7042	8113	561	36
7042	8346	561	55
7042	9276	561	57
7042	9731	561	38
7043	6020	561	84
7043	6485	561	73
7045	7365	561	68
7046	7325	561	26
7046	7800	561	22
7046	9417	561	94
7046	9882	561	84
7048	7062	561	75
7048	7982	561	87
7048	8679	561	46
7049	6334	561	86
7049	9579	561	26
7049	10034	561	36
7050	7931	561	20
7052	8589	561	99
7052	9519	561	7
7053	6931	561	28
7053	7638	561	15
7053	7861	561	29
7054	6223	561	96
7054	8993	561	34
7055	5970	561	75
7055	8508	561	61
7055	9913	561	64
7057	6617	561	49
7057	8245	561	37
7058	6132	561	49
7058	8437	561	16
7059	7275	561	70
7059	8195	561	86
7060	8407	561	27
7061	6072	561	81
7061	6294	561	63
7061	6517	561	10
7061	6759	561	46
7062	6264	561	5
7063	7396	561	98
7063	9256	561	45
7064	7609	561	45
7065	6891	561	35
7065	8063	561	37
7065	8741	561	32
7065	9681	561	9
7066	5951	561	79
7067	8013	561	9
7067	9398	561	33
7068	7750	561	98
7069	9813	561	42
7070	7700	561	80
7070	8872	561	2
7071	6062	561	90
7071	7225	561	26
7072	8812	561	90
7072	9752	561	74
7073	6012	561	85
7073	9024	561	5
7073	10187	561	98
7074	9924	561	7
7075	6669	561	69
7075	8761	561	83
7077	6153	561	12
7077	6386	561	56
7077	6861	561	70
7077	7538	561	16
7077	10106	561	9
7078	5901	561	58
7078	6831	561	76
7078	9843	561	27
7079	9126	561	45
7080	6548	561	63
7080	9095	561	89
7081	6993	561	37
7082	7427	561	81
7082	9065	561	87
7082	9298	561	3
7084	5992	561	90
7084	6467	561	33
7084	7154	561	23
7085	5972	561	18
7085	6679	561	37
7085	7377	561	44
7085	8287	561	18
7086	7802	561	99
7086	8499	561	60
7086	9187	561	71
7088	9379	561	45
7089	6578	561	22
7089	9581	561	41
7090	6083	561	80
7090	7013	561	96
7090	7488	561	76
7092	6740	561	55
7092	9996	561	17
7094	6235	561	84
7094	8550	561	75
7094	9945	561	18
7096	6660	561	43
7097	8934	561	24
7097	9642	561	8
7098	8227	561	84
7099	8904	561	99
7099	10057	561	19
7100	6791	561	18
7100	9329	561	75
7101	5841	561	46
7101	6306	561	42
7102	6983	561	99
7102	7913	561	63
7102	9753	561	48
7103	7428	561	52
7104	6013	561	73
7104	7165	561	26
7104	9005	561	52
7106	6185	561	83
7107	6862	561	47
7107	7317	561	28
7108	6610	561	9
7109	8672	561	22
7110	8652	561	31
7111	5841	561	10
7111	6761	561	47
7111	10017	561	49
7112	8136	561	96
7112	8824	561	44
7113	9511	561	34
7114	6933	561	26
7114	7631	561	14
7114	7853	561	99
7115	6671	561	42
7115	8066	561	1
7116	10138	561	98
7117	6640	561	53
7117	8480	561	50
7117	8945	561	14
7118	7530	561	68
7119	6125	561	10
7119	7287	561	18
7121	6549	561	16
7121	7702	561	49
7121	9795	561	34
7122	6064	561	34
7123	6044	561	35
7123	7197	561	19
7124	6711	561	84
7124	7156	561	38
7125	9471	561	84
7126	5963	561	97
7126	9198	561	30
7127	6863	561	5
7129	6813	561	32
7129	7278	561	62
7130	5883	561	55
7130	9118	561	15
7131	8157	561	47
7132	6297	561	45
7132	6985	561	82
7132	9290	561	31
7132	9522	561	14
7134	6944	561	35
7134	8562	561	9
7134	9714	561	66
7135	6216	561	23
7135	8542	561	19
7136	7116	561	92
7136	8279	561	73
7137	5933	561	62
7137	6631	561	37
7138	7773	561	33
7138	8006	561	2
7138	8926	561	24
7138	9159	561	50
7138	9391	561	23
7139	6601	561	55
7140	6328	561	27
7140	7025	561	75
7140	8643	561	44
7142	6753	561	32
7142	7905	561	41
7142	8613	561	52
7143	6045	561	78
7143	6500	561	73
7143	8805	561	60
7146	6894	561	27
7146	8987	561	39
7147	6399	561	13
7147	6642	561	85
7149	6834	561	99
7149	7531	561	11
7149	8219	561	50
7151	5853	561	37
7151	7238	561	79
7152	7926	561	34
7152	8158	561	44
7152	10241	561	10
7154	6248	561	32
7154	7643	561	37
7154	10180	561	82
7155	7380	561	84
7156	7592	561	87
7156	8522	561	1
7156	8745	561	2
7157	6187	561	67
7158	7077	561	99
7158	8472	561	54
7158	8694	561	71
7159	6592	561	99
7159	8907	561	8
7160	7724	561	89
7160	8432	561	78
7161	6551	561	19
7161	9786	561	18
7163	5813	561	14
7163	7198	561	31
7163	7906	561	72
7164	6723	561	16
7164	8341	561	90
7164	9261	561	7
7169	9837	561	87
7170	7269	561	74
7171	6319	561	95
7172	9999	561	84
7173	9059	561	37
7174	8806	561	59
7174	9736	561	38
7175	6228	561	100
7175	6936	561	64
7175	9484	561	9
7176	6451	561	20
7176	7128	561	23
7177	6886	561	65
7177	7351	561	38
7177	7795	561	21
7177	9898	561	46
7180	8432	561	8
7180	10293	561	55
7181	6785	561	23
7185	9929	561	98
7186	8069	561	47
7186	9211	561	57
7187	8261	561	46
7187	9656	561	21
7188	6168	561	53
7188	8473	561	98
7190	9363	561	27
7191	9808	561	50
7194	8110	561	15
7195	5997	561	66
7195	9009	561	76
7197	6664	561	34
7197	7351	561	7
7197	9424	561	19
7198	7321	561	89
7198	7554	561	20
7198	8494	561	92
7198	10334	561	38
7199	9859	561	42
7199	10081	561	84
7200	7978	561	56
7200	8201	561	28
7201	8413	561	66
7201	9101	561	10
7202	5855	561	29
7202	7705	561	64
7202	9556	561	12
7202	10021	561	9
7204	5805	561	75
7204	8353	561	19
7205	6462	561	39
7205	6937	561	52
7205	8787	561	20
7205	9707	561	2
7205	10182	561	23
7206	6209	561	47
7206	6675	561	13
7207	6877	561	32
7207	8969	561	56
7208	8939	561	80
7209	7069	561	98
7209	7766	561	55
7210	6119	561	95
7210	8676	561	23
7210	9131	561	41
7210	9839	561	78
7211	6796	561	7
7211	8869	561	63
7212	7473	561	24
7212	8626	561	83
7212	10243	561	51
7213	6058	561	94
7213	6988	561	98
7213	7211	561	8
7214	6270	561	99
7214	8575	561	83
7215	7160	561	87
7215	7868	561	38
7216	6685	561	86
7216	8313	561	76
7217	7595	561	91
7217	8515	561	14
7218	6402	561	96
7218	6645	561	8
7218	8727	561	7
7219	5917	561	17
7221	7039	561	94
7224	6493	561	66
7224	7656	561	85
7225	6706	561	26
7226	6231	561	18
7226	6443	561	65
7226	9688	561	34
7227	6665	561	45
7227	7353	561	42
7227	9213	561	17
7228	8263	561	65
7229	7545	561	70
7230	7282	561	66
7231	6332	561	16
7233	7687	561	53
7234	6736	561	69
7234	10194	561	71
7235	6939	561	62
7235	8799	561	43
7236	6908	561	49
7236	8303	561	20
7236	9244	561	4
7237	8506	561	40
7238	6170	561	73
7239	6838	561	95
7239	8000	561	60
7239	9385	561	4
7240	8688	561	20
7240	8900	561	51
7241	6120	561	37
7241	8425	561	9
7242	6545	561	15
7242	7717	561	12
7242	8162	561	29
7242	9790	561	96
7242	10255	561	43
7243	9315	561	47
7244	6282	561	67
7245	8092	561	48
7246	7839	561	86
7246	8536	561	71
7246	9477	561	48
7247	5969	561	74
7247	7121	561	78
7247	8284	561	8
7249	7323	561	90
7250	7071	561	28
7250	7283	561	14
7250	7758	561	66
7250	9133	561	30
7250	9366	561	74
7250	9608	561	10
7251	6353	561	13
7251	6585	561	66
7252	7243	561	82
7252	7930	561	78
7252	9558	561	11
7254	6980	561	54
7254	8365	561	57
7254	9052	561	60
7254	9982	561	61
7255	6009	561	74
7255	6717	561	62
7255	8557	561	23
7256	8769	561	19
7258	7344	561	15
7258	8264	561	14
7259	9871	561	90
7260	7981	561	39
7260	8214	561	46
7261	9811	561	77
7262	10033	561	29
7263	7233	561	23
7264	6273	561	9
7265	6242	561	51
7265	6495	561	26
7265	6950	561	96
7265	8103	561	89
7266	7395	561	16
7266	7627	561	29
7266	10175	561	82
7268	6424	561	97
7269	7314	561	69
7269	8719	561	39
7269	10337	561	79
7270	6607	561	9
7270	8002	561	95
7271	6121	561	84
7271	7264	561	99
7271	10276	561	10
7272	6091	561	42
7272	7021	561	33
7273	6303	561	54
7273	8851	561	46
7273	9073	561	9
7274	7446	561	41
7274	8588	561	69
7275	6030	561	5
7275	8801	561	70
7275	9255	561	42
7277	8053	561	39
7278	6192	561	5
7279	5930	561	76
7280	6132	561	59
7280	6597	561	69
7280	8214	561	3
7282	6799	561	58
7282	8417	561	45
7283	7224	561	39
7283	8629	561	96
7284	9519	561	15
7284	9761	561	86
7285	7416	561	71
7285	7871	561	80
7286	9711	561	21
7287	5758	561	77
7287	5970	561	11
7287	7598	561	77
7287	8993	561	82
7288	6415	561	17
7288	8508	561	51
7288	8740	561	35
7288	9195	561	61
7288	9671	561	62
7289	8023	561	63
7289	9640	561	19
7290	9165	561	56
7290	10085	561	46
7291	9125	561	61
7292	5859	561	24
7293	6537	561	75
7293	6992	561	70
7293	7244	561	99
7293	8154	561	7
7294	5829	561	89
7295	5809	561	7
7295	7659	561	58
7296	7639	561	31
7296	9954	561	31
7296	10399	561	24
7297	7133	561	94
7297	9449	561	22
7298	6193	561	36
7298	6658	561	89
7298	9206	561	2
7298	10369	561	57
7299	7801	561	79
7299	8953	561	67
7300	9853	561	60
7301	5890	561	32
7301	8448	561	69
7302	8175	561	98
7302	10268	561	28
7303	8852	561	56
7304	8610	561	82
7304	9297	561	69
7306	6709	561	31
7306	10177	561	20
7307	7376	561	88
7310	6143	561	98
7310	7083	561	10
7310	7306	561	55
7311	7508	561	94
7311	7741	561	20
7312	6335	561	35
7312	8661	561	53
7312	9105	561	51
7313	7690	561	90
7313	7943	561	64
7314	6052	561	48
7314	6750	561	58
7316	8570	561	77
7317	5759	561	8
7318	9904	561	93
7319	6861	561	63
7320	5931	561	51
7320	6619	561	56
7321	6831	561	3
7321	9601	561	37
7322	6811	561	45
7323	6781	561	1
7323	8388	561	31
7323	8408	561	22
7323	10248	561	95
7324	6285	561	57
7324	6993	561	97
7326	6943	561	25
7326	9713	561	55
7326	10188	561	19
7327	9935	561	11
7328	6660	561	89
7328	7600	561	62
7329	5952	561	83
7330	8004	561	50
7330	8227	561	33
7330	8247	561	95
7332	6569	561	39
7332	7044	561	100
7332	7276	561	27
7336	6488	561	77
7336	8328	561	13
7336	8793	561	56
7337	6225	561	71
7338	6438	561	55
7339	8500	561	75
7339	8965	561	12
7339	9663	561	32
7340	8692	561	14
7340	10320	561	28
7341	5892	561	19
7342	9127	561	26
7343	6771	561	71
7344	7449	561	11
7344	7681	561	82
7345	5801	561	16
7345	7894	561	34
7346	6256	561	59
7346	9269	561	29
7346	9966	561	34
7348	7823	561	28
7349	6175	561	36
7349	7348	561	44
7349	7813	561	71
7349	8733	561	64
7349	10118	561	78
7350	5700	561	20
7350	7318	561	47
7350	7773	561	79
7350	9178	561	48
7352	5650	561	44
7352	7500	561	10
7352	7965	561	59
7352	8662	561	9
7353	6084	561	22
7353	7247	561	64
7353	10037	561	15
7354	6297	561	30
7354	8855	561	96
7354	9774	561	87
7355	6034	561	90
7355	8359	561	13
7355	8602	561	84
7356	6721	561	53
7357	7389	561	33
7357	8309	561	9
7358	5751	561	98
7358	5973	561	69
7359	5943	561	65
7359	9431	561	49
7360	6863	561	44
7360	7096	561	76
7363	6317	561	36
7363	9563	561	44
7364	7005	561	7
7365	10210	561	51
7366	6267	561	69
7367	6469	561	86
7367	6924	561	27
7367	9017	561	81
7367	9947	561	15
7367	10159	561	50
7368	6682	561	47
7369	9199	561	90
7369	10351	561	50
7370	7551	561	36
7370	10331	561	50
7372	6358	561	78
7372	6591	561	70
7372	9593	561	72
7372	10281	561	35
7374	9088	561	31
7374	9320	561	51
7375	9533	561	52
7376	6722	561	72
7377	5995	561	38
7377	6015	561	53
7377	6237	561	8
7377	6702	561	24
7377	10392	561	70
7378	7369	561	84
7379	6197	561	26
7379	6652	561	1
7379	6894	561	49
7379	7127	561	36
7380	6632	561	13
7380	6864	561	33
7380	8259	561	22
7380	8937	561	89
7380	9412	561	69
7381	7066	561	18
7381	7299	561	90
7382	8209	561	13
7383	9119	561	67
7383	9806	561	83
7384	6763	561	81
7384	8158	561	83
7385	6045	561	52
7386	5803	561	88
7386	9968	561	87
7387	6480	561	53
7387	7168	561	8
7390	7087	561	6
7390	8725	561	97
7390	10100	561	98
7391	5914	561	3
7391	6612	561	29
7392	7744	561	62
7392	8897	561	45
7393	8411	561	7
7393	8644	561	39
7394	6541	561	44
7395	7208	561	86
7397	6925	561	90
7397	7856	561	79
7397	9008	561	61
7398	5975	561	22
7398	6218	561	87
7398	8311	561	100
7398	10150	561	63
7399	6430	561	44
7399	8978	561	68
7399	9665	561	5
7400	6400	561	58
7400	6632	561	42
7401	7765	561	38
7401	8230	561	66
7401	10312	561	52
7402	6127	561	31
7403	10272	561	41
7404	7462	561	88
7404	9089	561	83
7404	10242	561	90
7405	6976	561	80
7406	6501	561	5
7406	7431	561	72
7409	8503	561	24
7409	9201	561	68
7410	6168	561	60
7410	7806	561	92
7410	9878	561	66
7411	6855	561	46
7411	8463	561	53
7412	7280	561	48
7412	9373	561	20
7413	6097	561	2
7413	6572	561	69
7413	9575	561	36
7414	7240	561	39
7416	8129	561	9
7416	9049	561	43
7416	9514	561	26
7416	10212	561	45
7417	6006	561	21
7418	6694	561	52
7419	7129	561	93
7421	6391	561	22
7421	7543	561	68
7421	9636	561	6
7423	6340	561	4
7423	6795	561	86
7423	7038	561	76
7423	7958	561	6
7423	8433	561	21
7424	7705	561	68
7424	10020	561	69
7425	6522	561	5
7426	6037	561	90
7426	8362	561	36
7426	8595	561	7
7427	6714	561	69
7427	7634	561	67
7427	8787	561	51
7428	7392	561	77
7429	6664	561	43
7430	5936	561	36
7431	7999	561	63
7431	8019	561	87
7432	9151	561	28
7433	8656	561	26
7434	6310	561	1
7434	9798	561	30
7435	7463	561	32
7436	6958	561	88
7436	9738	561	93
7437	6937	561	97
7438	7847	561	56
7438	8312	561	79
7438	8767	561	67
7438	10172	561	79
7439	7584	561	1
7439	9910	561	71
7440	6644	561	70
7441	7312	561	76
7442	6594	561	54
7442	7534	561	83
7443	7726	561	42
7444	5856	561	94
7444	8181	561	82
7445	6078	561	42
7445	7908	561	85
7446	6736	561	8
7447	6250	561	8
7447	6483	561	35
7448	8080	561	73
7449	5967	561	64
7449	9445	561	6
7450	8262	561	96
7451	8717	561	3
7451	9172	561	19
7452	5897	561	33
7452	10072	561	21
7454	7029	561	86
7454	7484	561	12
7455	9081	561	58
7456	6049	561	19
7456	10214	561	1
7459	6210	561	69
7462	6615	561	72
7462	6837	561	83
7462	8455	561	37
7464	7252	561	50
7465	8617	561	44
7466	6504	561	25
7466	8364	561	44
7467	6949	561	25
7467	7181	561	16
7468	8789	561	100
7469	6433	561	2
7471	6858	561	9
7472	6140	561	73
7472	9618	561	25
7473	7980	561	82
7474	8405	561	15
7475	6080	561	54
7475	6777	561	44
7475	7697	561	77
7475	9325	561	50
7476	7212	561	46
7476	7444	561	15
7477	6039	561	55
7477	9962	561	44
7478	6009	561	62
7478	6474	561	77
7478	7627	561	50
7478	8082	561	6
7478	9012	561	6
7478	9709	561	59
7479	6211	561	49
7479	6686	561	23
7479	7596	561	43
7480	6889	561	14
7480	9436	561	30
7481	8719	561	58
7482	9851	561	86
7483	6353	561	8
7483	6575	561	5
7483	7040	561	90
7483	9356	561	11
7483	10296	561	43
7484	7263	561	37
7485	6545	561	96
7485	7000	561	41
7485	8153	561	58
7486	6292	561	56
7487	8567	561	28
7487	9507	561	65
7489	6919	561	92
7489	7142	561	48
7489	9912	561	5
7490	6667	561	18
7490	7112	561	39
7490	8962	561	57
7490	9669	561	9
7493	6818	561	19
7493	8679	561	7
7494	9578	561	69
7494	10033	561	55
7498	6232	561	65
7498	7870	561	84
7499	8315	561	81
7499	9225	561	63
7500	10125	561	41
7501	6394	561	9
7501	8254	561	91
7502	6839	561	25
7502	9397	561	73
7503	7062	561	49
7503	7739	561	56
7503	8214	561	89
7503	8912	561	57
7504	6576	561	78
7504	7961	561	69
7504	8426	561	34
7506	6061	561	18
7506	8831	561	72
7507	6263	561	86
7507	7416	561	95
7507	9983	561	13
7508	6708	561	70
7508	6951	561	44
7508	9033	561	65
7508	9953	561	98
7509	8538	561	53
7510	10145	561	79
7511	7790	561	47
7511	9650	561	21
7512	6607	561	52
7512	7537	561	64
7512	8932	561	10
7514	6344	561	17
7514	9114	561	81
7514	9802	561	46
7515	7466	561	41
7515	8164	561	11
7515	9084	561	80
7517	9519	561	40
7518	6243	561	37
7518	8336	561	32
7519	6001	561	89
7519	6911	561	28
7519	7153	561	70
7519	7851	561	23
7519	9468	561	80
7520	8043	561	18
7522	9863	561	43
7522	10318	561	73
7523	7760	561	23
7524	6810	561	42
7524	7265	561	26
7524	9357	561	24
7525	7942	561	35
7526	6992	561	68
7527	7194	561	46
7528	8094	561	45
7529	10389	561	98
7530	8286	561	40
7530	8529	561	19
7531	6183	561	41
7531	6416	561	51
7531	6638	561	66
7532	5931	561	39
7532	8013	561	76
7533	7073	561	15
7535	6315	561	83
7535	9570	561	62
7535	10258	561	11
7537	7670	561	83
7539	6224	561	28
7539	9004	561	97
7542	8701	561	49
7542	10096	561	13
7543	8226	561	65
7544	7033	561	42
7544	7731	561	88
7545	6780	561	35
7545	8186	561	84
7546	6760	561	19
7546	8145	561	73
7546	9995	561	69
7547	6285	561	51
7547	9753	561	71
7549	9935	561	40
7550	8984	561	90
7550	9682	561	8
7550	10147	561	74
7551	5952	561	100
7551	6872	561	21
7552	8024	561	89
7552	8469	561	18
7552	10339	561	19
7553	6376	561	13
7553	10309	561	59
7554	8894	561	86
7554	9834	561	79
7555	6103	561	51
7555	7488	561	62
7555	8631	561	68
7556	6083	561	78
7556	7236	561	72
7556	8611	561	96
7557	6518	561	55
7557	8833	561	94
7558	6710	561	8
7561	6660	561	56
7561	7357	561	85
7562	9642	561	42
7563	6609	561	24
7563	9157	561	85
7564	6811	561	76
7565	7711	561	75
7565	9116	561	64
7565	9582	561	57
7566	8379	561	11
7566	10249	561	9
7567	7903	561	34
7568	7196	561	85
7568	9491	561	17
7569	6003	561	45
7569	7155	561	63
7569	8096	561	87
7569	9248	561	62
7569	9703	561	24
7569	10168	561	92
7570	6448	561	14
7572	6175	561	41
7572	7782	561	66
7572	8955	561	45
7572	9420	561	38
7572	9875	561	89
7573	8460	561	26
7573	8682	561	49
7574	7520	561	48
7574	8197	561	9
7575	9804	561	65
7576	9087	561	100
7577	6276	561	97
7577	9531	561	18
7578	7641	561	50
7579	7853	561	29
7579	8551	561	7
7580	6913	561	9
7580	8763	561	65
7581	8278	561	52
7582	7318	561	40
7582	8723	561	37
7583	9380	561	4
7584	6135	561	43
7585	6570	561	24
7585	8420	561	77
7587	6762	561	4
7587	7439	561	17
7588	6044	561	76
7588	6964	561	21
7589	6479	561	21
7589	7389	561	87
7590	6904	561	21
7590	9006	561	78
7592	6873	561	29
7592	7561	561	69
7592	9178	561	62
7593	8006	561	67
7594	7045	561	22
7595	6105	561	89
7595	8653	561	36
7595	8885	561	78
7596	8633	561	19
7597	7682	561	18
7597	8612	561	11
7598	6257	561	70
7598	9270	561	94
7598	9502	561	13
7600	8077	561	85
7600	9462	561	12
7600	9704	561	97
7601	7581	561	25
7601	10372	561	22
7602	7106	561	60
7602	8259	561	61
7604	8218	561	19
7604	9846	561	79
7605	6338	561	53
7606	9331	561	35
7607	6288	561	89
7607	6985	561	99
7607	7460	561	99
7607	8835	561	31
7607	9533	561	99
7611	7814	561	54
7611	8522	561	7
7613	5924	561	79
7613	6621	561	20
7613	6854	561	15
7614	7056	561	54
7615	6793	561	32
7615	7724	561	30
7615	10049	561	32
7616	6318	561	6
7617	6763	561	32
7617	7228	561	65
7618	6510	561	11
7618	8118	561	73
7618	9978	561	53
7619	8330	561	91
7620	7845	561	41
7620	10160	561	36
7624	6137	561	38
7625	7269	561	22
7625	8654	561	15
7626	7936	561	82
7626	8169	561	25
7626	9099	561	94
7627	6076	561	71
7628	6268	561	80
7628	8361	561	32
7629	6248	561	47
7629	9038	561	57
7630	6450	561	27
7630	6693	561	1
7630	6915	561	97
7632	7350	561	8
7632	10130	561	65
7633	6400	561	84
7633	8007	561	19
7633	9170	561	43
7633	9413	561	77
7634	9382	561	68
7634	10312	561	32
7635	6339	561	86
7635	9817	561	70
7635	10505	561	3
7636	6087	561	89
7636	9564	561	50
7636	9797	561	8
7637	7007	561	22
7638	7896	561	60
7639	6016	561	68
7639	7654	561	42
7639	7886	561	33
7639	8099	561	59
7640	6704	561	47
7640	7148	561	64
7640	9939	561	38
7642	7118	561	69
7642	9656	561	49
7642	10576	561	48
7644	6370	561	77
7644	6603	561	27
7644	10545	561	15
7646	7482	561	41
7646	8170	561	8
7646	10262	561	77
7648	6522	561	4
7648	7432	561	85
7649	8807	561	75
7650	7614	561	59
7650	9019	561	96
7650	10182	561	86
7651	5976	561	11
7652	6886	561	37
7653	6168	561	57
7653	7786	561	63
7653	8241	561	27
7653	8473	561	30
7654	7523	561	3
7654	8453	561	69
7654	9151	561	13
7654	9393	561	11
7655	10061	561	48
7656	9333	561	28
7657	7240	561	56
7658	6057	561	15
7658	9302	561	6
7659	8120	561	63
7659	8342	561	70
7659	9505	561	3
7659	9727	561	3
7660	6229	561	25
7660	6462	561	78
7660	6937	561	45
7661	8302	561	97
7662	6432	561	91
7663	8716	561	57
7663	9879	561	10
7664	8221	561	37
7665	6351	561	82
7665	6816	561	40
7665	8676	561	34
7665	10294	561	40
7667	6078	561	87
7667	6765	561	99
7667	9081	561	16
7668	7453	561	5
7669	7180	561	70
7669	8585	561	24
7671	6907	561	8
7672	8747	561	18
7672	9677	561	24
7675	7291	561	44
7676	7029	561	85
7676	8879	561	89
7677	6088	561	75
7677	6998	561	77
7677	7928	561	43
7678	8151	561	14
7680	7858	561	47
7680	8100	561	27
7680	9030	561	22
7681	5977	561	7
7682	9202	561	31
7684	6149	561	6
7684	6847	561	5
7685	7059	561	80
7685	8212	561	4
7686	6574	561	35
7686	9567	561	68
7687	6786	561	95
7688	6301	561	21
7689	6726	561	77
7690	6018	561	84
7690	9486	561	86
7691	6463	561	59
7691	6686	561	72
7691	9466	561	34
7692	8273	561	56
7692	9900	561	56
7693	7333	561	77
7693	8495	561	88
7693	8718	561	36
7693	8728	561	43
7693	8950	561	16
7693	9415	561	88
7694	7545	561	20
7695	8910	561	31
7695	9365	561	63
7696	7262	561	32
7696	7505	561	46
7696	8415	561	35
7696	9122	561	99
7696	10032	561	39
7696	10497	561	95
7698	7909	561	75
7698	9992	561	16
7699	6039	561	84
7699	8354	561	36
7699	8587	561	33
7699	10437	561	70
7700	7181	561	17
7700	7626	561	43
7700	10194	561	6
7700	10406	561	22
7701	8769	561	50
7702	6191	561	7
7702	8293	561	55
7704	7768	561	42
7704	9163	561	72
7704	9861	561	81
7705	6595	561	74
7706	7738	561	57
7706	9810	561	3
7707	7697	561	62
7707	7950	561	66
7708	6525	561	7
7708	6757	561	6
7708	9295	561	84
7709	6959	561	46
7709	8830	561	11
7710	10407	561	48
7711	6221	561	64
7712	7121	561	27
7713	6424	561	46
7713	6636	561	44
7714	10326	561	79
7715	8213	561	78
7715	8678	561	49
7716	8426	561	41
7717	6090	561	24
7718	6303	561	29
7719	6737	561	34
7719	6980	561	4
7719	7425	561	70
7720	6485	561	48
7720	8577	561	85
7720	9265	561	59
7720	9952	561	74
7721	8537	561	40
7721	9002	561	71
7721	10154	561	85
7721	10620	561	73
7723	6869	561	63
7723	8042	561	32
7725	7061	561	67
7725	7294	561	31
7725	10084	561	84
7726	6808	561	33
7727	10266	561	71
7730	7183	561	4
7731	6242	561	24
7731	7395	561	66
7732	7365	561	99
7732	7840	561	15
7736	8194	561	32
7737	6779	561	77
7737	8406	561	51
7737	8871	561	74
7739	6748	561	15
7739	7213	561	97
7739	7446	561	33
7740	9508	561	21
7740	9731	561	7
7741	6708	561	75
7741	6930	561	24
7741	10165	561	84
7744	8942	561	21
7745	6607	561	78
7745	9145	561	44
7745	9610	561	68
7747	6567	561	27
7747	7709	561	5
7747	10024	561	100
7747	10499	561	94
7748	9539	561	42
7749	6294	561	97
7749	7669	561	35
7749	8144	561	20
7749	9296	561	95
7750	10429	561	37
7752	6446	561	3
7752	8761	561	36
7752	10621	561	43
7753	7800	561	44
7753	7821	561	2
7753	8053	561	78
7753	8508	561	6
7754	8023	561	11
7754	8720	561	94
7754	9650	561	64
7754	9883	561	57
7755	6142	561	24
7755	6375	561	89
7756	7052	561	39
7758	7002	561	28
7758	9084	561	40
7759	6527	561	2
7759	9064	561	90
7760	6264	561	72
7760	8801	561	6
7762	6668	561	61
7762	8296	561	30
7762	9004	561	35
7762	9226	561	50
7765	9843	561	55
7766	7275	561	25
7766	7973	561	27
7766	9823	561	3
7767	10268	561	6
7769	6972	561	58
7770	6022	561	43
7770	7184	561	93
7770	7649	561	14
7770	7882	561	55
7770	10197	561	25
7771	8084	561	91
7771	9014	561	38
7772	6922	561	21
7772	9924	561	5
7773	6194	561	65
7773	7114	561	50
7774	7336	561	64
7775	10329	561	32
7778	6538	561	46
7779	9763	561	16
7779	9985	561	18
7779	10450	561	95
7780	6487	561	79
7780	8590	561	62
7781	8327	561	20
7781	8802	561	88
7782	7610	561	60
7782	10380	561	29
7784	8267	561	32
7784	9874	561	86
7785	8236	561	48
7785	10562	561	57
7786	6124	561	17
7786	7519	561	95
7787	7721	561	25
7787	9116	561	43
7787	9338	561	97
7788	6073	561	54
7789	7458	561	37
7789	9076	561	17
7789	9531	561	33
7790	6265	561	65
7790	7650	561	85
7791	6943	561	50
7791	9258	561	78
7792	6457	561	49
7792	8065	561	50
7792	10633	561	91
7794	6872	561	69
7794	7802	561	1
7794	10107	561	38
7795	6164	561	8
7795	6619	561	27
7796	6832	561	60
7796	8682	561	32
7796	10542	561	95
7797	8884	561	96
7797	9592	561	33
7798	7236	561	39
7799	6761	561	89
7799	8389	561	8
7799	8834	561	97
7801	6246	561	26
7802	5993	561	67
7802	7378	561	62
7803	9208	561	45
7803	10613	561	62
7804	6650	561	27
7805	5922	561	93
7806	8450	561	4
7807	7975	561	67
7807	8429	561	27
7808	8642	561	51
7808	9794	561	30
7809	7681	561	82
7809	10229	561	39
7810	6741	561	97
7810	7206	561	16
7810	9279	561	41
7810	10431	561	27
7810	10674	561	38
7811	6024	561	18
7812	7853	561	47
7812	9006	561	64
7813	7126	561	85
7813	8531	561	9
7814	8025	561	6
7814	9431	561	74
7816	8693	561	54
7817	6105	561	34
7817	7045	561	91
7817	10290	561	59
7818	9330	561	87
7819	6529	561	70
7819	9542	561	69
7819	10240	561	29
7820	6044	561	39
7820	6964	561	49
7820	10209	561	38
7823	7591	561	83
7824	6408	561	56
7824	8734	561	82
7824	8956	561	83
7824	9653	561	90
7826	6135	561	20
7826	6378	561	45
7826	6611	561	50
7826	10068	561	79
7828	7723	561	53
7828	7935	561	46
7830	7197	561	22
7831	9957	561	57
7832	6459	561	97
7832	6924	561	21
7833	6207	561	40
7834	5954	561	50
7834	10351	561	26
7835	6864	561	9
7835	8471	561	86
7835	9866	561	92
7836	7521	561	49
7836	8916	561	6
7836	9856	561	25
7837	7036	561	77
7837	7966	561	85
7837	8663	561	80
7837	10048	561	36
7838	9806	561	39
7838	10503	561	12
7839	6298	561	25
7839	8855	561	91
7840	8603	561	86
7840	9300	561	61
7840	10675	561	19
7841	8118	561	49
7841	9280	561	72
7843	6905	561	39
7843	8057	561	96
7844	8512	561	38
7847	9371	561	88
7848	8421	561	25
7849	6066	561	23
7851	6733	561	52
7851	7643	561	94
7851	8805	561	52
7851	9503	561	3
7851	9736	561	84
7852	6238	561	63
7852	6703	561	96
7853	7845	561	8
7854	7582	561	91
7854	9200	561	86
7854	9675	561	77
7855	7795	561	52
7855	8027	561	13
7856	6147	561	28
7856	7067	561	73
7856	7764	561	65
7856	10322	561	47
7857	7279	561	42
7857	9604	561	62
7859	6996	561	64
7859	8866	561	66
7860	6289	561	79
7860	7441	561	78
7860	8149	561	77
7861	8573	561	46
7861	9049	561	3
7862	7158	561	88
7862	8098	561	48
7862	9251	561	79
7862	10403	561	37
7863	6683	561	85
7864	6188	561	73
7865	6410	561	48
7865	6643	561	48
7865	7108	561	80
7865	8725	561	50
7866	9625	561	94
7867	6370	561	94
7867	6592	561	93
7868	8877	561	49
7869	7229	561	34
7869	7927	561	50
7869	8169	561	51
7870	7684	561	85
7871	8816	561	8
7872	9494	561	43
7872	9939	561	89
7873	8533	561	17
7873	8766	561	83
7874	9211	561	79
7874	9443	561	95
7875	9878	561	41
7875	10576	561	92
7876	7998	561	10
7877	6582	561	89
7877	7513	561	36
7877	9140	561	26
7878	6795	561	97
7878	7957	561	5
7878	9575	561	22
7878	9818	561	16
7879	9332	561	54
7880	6532	561	72
7881	6027	561	54
7881	8584	561	81
7884	7826	561	32
7884	8524	561	87
7885	8039	561	70
7886	8706	561	95
7887	6361	561	31
7887	9373	561	52
7889	6310	561	20
7889	7928	561	58
7890	6067	561	85
7890	7463	561	71
7890	7907	561	6
7891	6725	561	91
7892	6472	561	66
7892	7402	561	91
7892	10415	561	24
7893	6927	561	41
7894	6209	561	57
7896	8474	561	58
7896	10334	561	91
7897	6604	561	36
7897	7069	561	53
7897	8454	561	95
7899	6098	561	95
7900	8150	561	38
7900	10011	561	81
7902	8787	561	95
7902	9718	561	44
7902	9960	561	77
7903	7625	561	73
7904	7837	561	9
7905	6644	561	2
7906	6159	561	79
7906	6624	561	47
7906	10324	561	81
7907	7767	561	20
7907	10072	561	57
7909	9111	561	31
7909	9566	561	47
7910	6291	561	94
7911	8121	561	72
7911	9758	561	25
7912	6493	561	85
7912	8565	561	59
7913	7393	561	10
7913	10395	561	52
7914	7373	561	6
7914	9910	561	87
7915	8040	561	79
7915	8970	561	17
7915	10345	561	57
7917	6827	561	23
7918	6584	561	26
7918	7979	561	100
7918	8424	561	91
7918	9819	561	69
7919	7484	561	68
7919	9334	561	5
7920	6311	561	44
7920	10477	561	57
7921	7444	561	77
7921	9294	561	50
7923	6928	561	44
7923	8081	561	35
7924	9456	561	40
7924	9688	561	28
7925	7353	561	40
7925	7808	561	95
7925	9890	561	73
7926	8940	561	78
7926	9405	561	57
7926	9648	561	92
7927	7060	561	81
7928	8677	561	64
7929	10032	561	4
7930	6079	561	55
7930	6544	561	17
7930	8849	561	95
7931	6969	561	86
7931	7667	561	83
7932	6716	561	88
7932	8799	561	78
7932	9507	561	98
7934	7131	561	52
7934	9234	561	11
7935	6191	561	71
7935	6423	561	29
7935	9193	561	37
7936	7566	561	53
7937	9153	561	94
7937	9851	561	52
7938	6353	561	86
7938	7283	561	40
7938	7970	561	99
7938	10528	561	98
7940	6777	561	73
7940	7232	561	33
7940	9790	561	36
7944	6221	561	50
7945	6879	561	78
7946	8021	561	46
7947	7526	561	46
7947	10073	561	7
7949	6323	561	46
7951	6990	561	39
7952	6262	561	73
7952	6505	561	63
7952	8577	561	98
7952	9730	561	1
7953	6464	561	57
7953	9012	561	18
7954	9932	561	93
7955	9204	561	65
7958	9134	561	83
7959	8426	561	77
7959	8891	561	50
7959	10509	561	75
7961	6050	561	3
7961	7456	561	61
7961	9538	561	7
7962	7890	561	92
7963	9255	561	9
7963	9710	561	84
7964	6687	561	35
7964	8527	561	26
7965	8052	561	23
7965	10590	561	70
7966	6859	561	92
7966	7800	561	48
7966	9174	561	17
7966	9872	561	87
7967	6384	561	20
7967	7769	561	63
7967	8002	561	98
7967	9387	561	44
7971	6526	561	72
7971	6758	561	46
7971	7689	561	63
7971	8133	561	17
7972	7416	561	94
7973	6253	561	12
7973	7183	561	13
7974	6920	561	49
7975	8295	561	2
7975	9448	561	34
7976	7578	561	64
7978	6354	561	12
7978	9145	561	60
7979	6809	561	66
7982	7659	561	16
7983	7163	561	32
7983	7396	561	95
7983	7871	561	92
7983	8104	561	45
7984	6466	561	87
7984	10398	561	2
7985	6193	561	88
7986	6648	561	29
7986	7103	561	47
7986	7335	561	16
7986	10105	561	68
7988	8690	561	60
7989	6122	561	74
7989	6567	561	48
7990	7245	561	68
7990	7932	561	80
7991	9064	561	66
7992	9287	561	53
7993	6941	561	24
7994	9014	561	6
7995	8529	561	29
7996	8043	561	29
7996	8721	561	20
7996	8953	561	97
7996	10348	561	70
7998	6608	561	80
7998	7285	561	57
7998	10531	561	8
7999	9348	561	35
7999	9580	561	24
8000	6315	561	83
8000	6547	561	96
8001	7700	561	88
8001	8842	561	54
8002	6729	561	28
8002	6962	561	89
8002	8822	561	76
8004	8094	561	76
8004	9924	561	30
8005	8762	561	94
8006	6881	561	79
8006	7569	561	32
8007	8004	561	64
8007	8479	561	34
8007	9176	561	36
8008	6831	561	88
8008	8448	561	28
8009	9116	561	22
8010	6336	561	83
8010	7256	561	69
8010	8175	561	27
8011	7933	561	90
8012	6275	561	45
8012	7893	561	63
8013	6497	561	45
8013	9490	561	76
8015	6437	561	73
8016	7812	561	17
8016	9429	561	68
8016	10349	561	77
8017	9874	561	31
8017	10572	561	40
8019	9834	561	20
8020	6781	561	96
8020	9349	561	55
8021	8146	561	54
8022	8125	561	37
8022	8601	561	94
8022	9763	561	65
8024	7155	561	94
8026	6650	561	35
8026	7347	561	28
8026	8035	561	18
8026	9197	561	77
8027	6407	561	31
8027	9400	561	50
8027	10330	561	51
8028	7074	561	54
8028	7297	561	98
8029	7519	561	24
8029	10299	561	81
8030	7954	561	61
8030	9561	561	92
8031	6316	561	90
8031	7004	561	80
8031	10016	561	17
8032	9056	561	6
8033	6721	561	79
8033	7196	561	53
8033	7661	561	41
8033	8813	561	79
8034	6923	561	8
8034	6943	561	14
8034	7398	561	81
8034	9016	561	34
8035	6438	561	44
8036	6883	561	26
8036	10118	561	34
8036	10350	561	76
8036	10370	561	76
8037	7782	561	83
8038	6145	561	8
8039	6357	561	26
8039	8662	561	52
8039	10067	561	100
8040	6569	561	21
8040	6802	561	28
8040	7722	561	66
8041	9087	561	37
8042	7904	561	31
8043	6499	561	56
8044	7166	561	59
8044	9481	561	79
8044	9956	561	60
8045	6216	561	76
8045	7601	561	64
8045	9451	561	94
8045	9683	561	70
8047	7571	561	78
8047	8015	561	17
8047	8723	561	11
8049	6600	561	66
8049	9128	561	95
8049	9593	561	15
8050	10270	561	75
8051	8167	561	66
8054	6701	561	45
8055	7136	561	69
8056	6883	561	89
8056	9199	561	50
8058	6621	561	70
8058	6843	561	17
8061	7480	561	90
8061	8400	561	65
8062	6297	561	43
8063	7652	561	39
8065	9462	561	56
8066	6439	561	76
8066	7116	561	25
8067	6651	561	95
8067	8481	561	84
8068	9391	561	12
8068	10089	561	1
8068	10331	561	96
8069	8684	561	62
8070	8421	561	59
8071	7248	561	22
8071	8633	561	67
8071	9321	561	83
8071	9563	561	38
8071	9796	561	50
8072	9988	561	50
8073	6733	561	16
8073	9523	561	40
8074	6490	561	7
8076	8057	561	6
8077	6187	561	58
8077	7329	561	13
8077	8037	561	45
8077	9887	561	58
8079	8451	561	62
8080	6339	561	75
8080	6814	561	81
8081	8876	561	71
8081	9099	561	57
8082	8138	561	99
8084	8573	561	16
8084	9260	561	91
8085	6450	561	99
8085	9008	561	14
8085	9705	561	51
8085	9928	561	61
8087	10110	561	88
8088	7775	561	97
8089	7057	561	73
8089	9139	561	73
8089	9847	561	40
8090	8654	561	47
8091	6319	561	60
8091	6551	561	9
8091	6774	561	25
8091	7714	561	3
8091	10019	561	70
8092	6521	561	43
8092	6541	561	49
8092	7451	561	70
8092	9069	561	58
8095	6936	561	68
8096	8513	561	26
8096	9453	561	3
8098	8007	561	30
8098	8948	561	25
8098	9170	561	87
8100	7967	561	70
8103	6269	561	24
8103	8129	561	6
8103	8351	561	76
8103	8372	561	18
8104	6481	561	96
8104	7421	561	46
8104	9029	561	58
8105	6239	561	19
8107	9201	561	62
8108	8483	561	38
8108	9636	561	36
8109	6380	561	30
8109	6603	561	53
8112	9777	561	11
8113	7209	561	36
8113	9070	561	22
8114	9727	561	87
8115	7392	561	49
8117	6876	561	48
8117	8049	561	16
8118	7796	561	72
8118	8716	561	10
8119	7068	561	98
8119	8928	561	5
8119	10081	561	15
8120	6815	561	96
8121	7260	561	61
8121	7958	561	30
8121	8403	561	62
8122	7928	561	61
8123	6987	561	49
8124	8575	561	27
8125	9940	561	89
8126	7139	561	97
8126	8069	561	59
8126	8534	561	82
8127	7352	561	61
8128	9404	561	95
8129	7756	561	82
8129	9161	561	68
8129	9849	561	63
8131	6331	561	87
8132	8151	561	4
8133	7685	561	55
8133	8130	561	14
8134	6735	561	30
8134	8343	561	40
8135	6240	561	56
8135	6927	561	84
8135	8090	561	46
8136	6210	561	77
8136	8292	561	17
8136	9697	561	44
8137	6432	561	15
8137	8050	561	45
8138	7099	561	1
8138	7554	561	79
8139	8009	561	8
8141	7039	561	56
8141	9111	561	9
8142	6543	561	30
8142	8859	561	49
8142	10011	561	67
8145	8101	561	96
8145	9243	561	8
8145	9496	561	76
8147	9668	561	2
8148	6877	561	42
8148	7322	561	80
8149	6160	561	10
8150	8667	561	32
8151	8889	561	10
8152	6311	561	31
8153	7221	561	78
8153	9304	561	42
8154	6493	561	12
8154	7879	561	14
8154	9516	561	29
8155	7626	561	13
8155	9264	561	32
8156	9011	561	39
8157	6655	561	57
8157	9901	561	35
8158	9415	561	2
8159	6393	561	29
8159	6837	561	90
8159	7778	561	35
8160	7292	561	73
8161	8425	561	85
8162	6787	561	40
8164	9982	561	49
8165	6716	561	27
8166	7151	561	23
8166	8304	561	79
8167	8061	561	57
8168	8728	561	26
8169	6626	561	30
8169	8466	561	69
8169	8931	561	51
8170	7990	561	42
8171	6575	561	17
8171	7040	561	4
8172	7697	561	58
8172	8395	561	31
8172	9335	561	72
8173	7232	561	77
8174	6282	561	14
8174	6504	561	95
8174	6747	561	44
8174	6969	561	44
8174	8587	561	21
8174	9507	561	27
8176	6454	561	50
8176	6929	561	34
8176	8072	561	7
8178	8264	561	9
8179	9629	561	34
8180	7516	561	37
8181	9366	561	80
8181	10043	561	85
8182	8648	561	73
8183	7910	561	29
8183	8143	561	27
8184	7213	561	27
8185	8800	561	66
8186	8547	561	65
8187	7354	561	81
8187	8517	561	21
8188	9437	561	81
8189	7557	561	32
8190	6374	561	89
8190	8679	561	29
8191	6586	561	66
8192	8173	561	94
8192	9103	561	85
8192	9791	561	48
8193	6526	561	47
8193	8851	561	82
8195	9255	561	68
8196	9943	561	98
8198	7112	561	60
8198	8972	561	49
8199	6637	561	51
8199	8012	561	81
8200	6829	561	12
8200	7304	561	61
8201	8437	561	6
8201	8892	561	11
8202	6334	561	14
8202	7021	561	26
8202	9559	561	92
8203	6304	561	40
8203	7466	561	63
8204	7668	561	29
8204	8366	561	27
8206	9013	561	59
8207	6900	561	80
8207	7598	561	68
8209	6405	561	39
8209	8487	561	92
8209	9650	561	46
8210	9145	561	28
8210	9387	561	99
8211	7739	561	40
8211	9124	561	2
8212	7497	561	34
8212	8174	561	68
8212	9579	561	90
8212	10034	561	66
8213	9074	561	53
8214	6516	561	23
8215	7184	561	11
8216	6941	561	45
8216	7851	561	8
8216	9711	561	64
8217	6688	561	91
8217	7376	561	12
8218	8053	561	86
8219	6870	561	27
8219	7335	561	96
8219	9185	561	66
8220	6618	561	86
8220	8235	561	18
8221	8205	561	89
8221	9822	561	45
8223	8397	561	27
8223	8852	561	65
8224	6749	561	40
8224	6972	561	11
8225	6497	561	78
8225	8357	561	98
8227	8306	561	46
8228	8974	561	11
8229	8266	561	75
8229	8711	561	77
8230	7771	561	6
8231	6578	561	97
8231	6820	561	61
8238	6891	561	4
8238	7589	561	94
8238	7811	561	29
8238	9894	561	43
8241	8438	561	9
8242	6558	561	7
8242	7023	561	48
8243	6780	561	12
8243	8641	561	26
8243	9561	561	50
8243	9793	561	45
8243	10016	561	84
8244	7225	561	67
8244	7458	561	3
8244	9075	561	46
8245	6720	561	66
8245	6740	561	96
8245	7185	561	46
8245	9268	561	43
8246	6467	561	48
8246	9035	561	24
8247	8075	561	12
8248	7367	561	73
8249	6407	561	76
8249	7559	561	53
8250	6609	561	11
8250	9632	561	62
8251	7984	561	56
8253	6326	561	61
8253	9328	561	80
8254	6518	561	90
8256	6943	561	90
8256	9015	561	52
8256	9490	561	65
8257	7610	561	96
8257	7853	561	19
8257	8318	561	17
8257	9703	561	72
8259	8025	561	36
8260	7307	561	54
8260	8015	561	55
8260	9400	561	39
8261	6832	561	36
8261	8217	561	44
8262	9814	561	81
8264	6539	561	10
8264	7691	561	76
8264	8834	561	32
8265	6731	561	28
8265	7428	561	66
8265	8591	561	37
8266	7166	561	81
8266	8338	561	31
8267	6448	561	5
8267	8551	561	33
8269	8500	561	98
8269	8955	561	27
8270	8702	561	90
8271	9137	561	31
8272	6812	561	53
8272	7045	561	68
8272	7277	561	70
8273	8642	561	85
8273	9107	561	55
8274	8854	561	85
8275	6974	561	82
8275	8126	561	47
8275	9976	561	80
8276	6479	561	54
8278	9451	561	57
8279	8036	561	25
8279	8278	561	39
8279	9188	561	17
8281	6378	561	88
8281	7075	561	6
8282	9360	561	69
8283	7712	561	73
8284	8147	561	70
8284	9077	561	47
8285	9512	561	54
8287	6924	561	28
8287	8541	561	53
8287	8784	561	11
8288	8299	561	36
8289	6418	561	88
8289	7116	561	35
8290	9401	561	31
8292	6590	561	57
8293	6560	561	61
8293	7955	561	65
8293	8410	561	49
8295	7662	561	38
8295	9300	561	86
8296	7420	561	2
8296	8582	561	97
8297	7157	561	9
8297	9239	561	17
8298	9694	561	80
8298	9927	561	96
8299	8047	561	89
8299	8512	561	93
8303	7016	561	94
8303	8886	561	6
8304	6298	561	62
8304	9553	561	90
8305	6975	561	28
8305	7895	561	93
8305	8128	561	22
8308	6672	561	61
8308	7602	561	33
8308	8755	561	18
8309	9675	561	85
8310	9644	561	75
8311	7774	561	52
8311	8927	561	37
8313	6804	561	54
8313	7259	561	76
8313	9331	561	69
8314	8634	561	5
8315	8371	561	7
8317	9018	561	68
8318	6915	561	51
8318	8310	561	11
8318	9463	561	16
8319	7117	561	31
8319	9887	561	100
8320	6865	561	64
8320	8250	561	88
8321	9160	561	81
8322	9129	561	49
8323	7027	561	62
8323	7947	561	26
8323	8654	561	24
8324	6531	561	11
8324	6764	561	65
8324	7694	561	79
8325	9069	561	56
8326	8816	561	31
8328	6451	561	61
8329	8523	561	54
8329	8735	561	14
8331	6390	561	55
8331	8705	561	91
8332	7280	561	80
8333	7502	561	36
8333	8190	561	26
8333	9352	561	51
8334	6784	561	38
8334	8867	561	62
8336	9271	561	98
8337	6481	561	6
8340	8958	561	34
8342	6815	561	74
8342	8685	561	27
8342	9605	561	87
8343	6340	561	6
8344	9100	561	92
8345	6300	561	71
8345	6997	561	35
8345	8847	561	54
8346	8807	561	97
8347	7179	561	13
8347	8322	561	74
8348	7614	561	1
8348	9929	561	51
8349	7816	561	23
8350	8029	561	7
8350	9424	561	57
8351	7553	561	44
8352	9838	561	89
8353	7958	561	44
8355	7918	561	71
8355	8140	561	6
8356	6745	561	39
8357	7402	561	70
8357	8110	561	10
8357	9040	561	66
8358	8777	561	52
8359	7139	561	50
8359	9919	561	66
8361	8241	561	4
8362	7766	561	53
8363	8888	561	78
8364	7251	561	59
8365	8373	561	24
8366	7655	561	88
8367	6472	561	40
8369	9222	561	21
8371	6382	561	32
8371	7312	561	23
8371	8484	561	75
8372	6372	561	15
8372	7069	561	68
8372	8444	561	60
8374	6331	561	12
8374	8646	561	98
8378	7393	561	70
8379	7595	561	58
8379	8070	561	33
8379	8758	561	14
8380	6877	561	98
8380	7110	561	11
8380	9900	561	39
8381	9162	561	52
8382	9375	561	82
8385	6756	561	38
8386	9284	561	50
8387	7868	561	95
8388	9243	561	91
8388	9486	561	1
8389	6898	561	43
8390	8040	561	22
8392	6848	561	72
8393	6362	561	13
8393	6575	561	36
8393	7050	561	52
8393	8657	561	32
8393	8890	561	58
8395	6544	561	34
8395	7009	561	49
8395	7222	561	56
8395	7454	561	31
8395	9314	561	47
8396	7202	561	81
8396	8597	561	43
8397	8122	561	98
8398	7171	561	24
8399	6454	561	5
8399	6666	561	100
8399	7131	561	83
8400	8283	561	40
8400	8516	561	74
8400	9669	561	36
8401	6636	561	67
8401	7798	561	25
8401	8718	561	91
8401	9648	561	88
8403	7273	561	80
8403	9830	561	91
8405	9315	561	55
8406	6525	561	74
8407	6727	561	15
8408	6697	561	14
8408	6929	561	48
8409	8992	561	56
8409	9224	561	48
8410	7344	561	92
8412	8223	561	40
8413	9598	561	50
8414	8881	561	8
8415	8385	561	68
8416	7445	561	29
8420	7577	561	43
8420	8052	561	45
8421	6414	561	30
8421	7102	561	82
8421	8264	561	84
8422	7769	561	90
8422	8931	561	40
8423	6829	561	26
8423	7061	561	5
8424	7718	561	36
8424	8659	561	89
8424	9124	561	18
8426	7921	561	23
8426	9073	561	75
8427	7183	561	51
8427	8588	561	75
8427	8810	561	59
8427	9275	561	85
8429	8072	561	3
8429	8760	561	41
8431	7800	561	66
8431	9427	561	95
8432	6607	561	54
8432	9164	561	23
8434	7496	561	65
8435	6769	561	27
8436	8376	561	10
8436	9306	561	48
8437	6971	561	89
8437	7668	561	63
8437	8133	561	89
8437	8346	561	4
8438	7871	561	74
8440	8053	561	3
8441	6648	561	51
8441	6880	561	27
8442	7547	561	64
8442	8002	561	85
8443	8680	561	50
8444	6567	561	73
8444	9357	561	67
8445	7002	561	12
8445	7244	561	73
8445	8629	561	37
8446	7457	561	62
8446	7689	561	3
8446	8842	561	72
8448	6486	561	22
8448	9024	561	25
8449	6921	561	77
8450	8508	561	30
8452	6850	561	78
8452	8710	561	91
8454	8882	561	46
8455	6547	561	17
8455	7932	561	17
8457	9509	561	48
8458	7639	561	56
8458	8114	561	76
8460	7821	561	50
8461	7346	561	69
8461	8276	561	26
8462	8478	561	12
8462	9408	561	32
8462	9631	561	89
8463	7983	561	68
8463	8216	561	42
8463	8448	561	48
8464	7043	561	19
8464	9115	561	91
8465	8418	561	64
8465	9560	561	97
8467	8600	561	65
8467	9045	561	49
8468	7174	561	14
8468	7872	561	36
8469	6457	561	54
8469	8539	561	95
8471	6649	561	46
8472	7084	561	17
8472	8944	561	35
8472	9176	561	8
8474	6811	561	41
8474	7741	561	73
8475	7711	561	85
8476	7468	561	52
8476	9308	561	75
8477	6973	561	61
8478	6497	561	26
8478	6710	561	59
8480	7377	561	84
8481	6872	561	14
8481	8034	561	10
8484	7266	561	5
8484	9126	561	14
8485	7034	561	37
8486	6761	561	77
8487	6518	561	98
8487	8591	561	30
8488	9278	561	24
8489	6700	561	16
8490	6670	561	23
8490	6913	561	11
8490	8308	561	75
8490	9460	561	59
8491	6417	561	43
8491	7337	561	29
8491	7812	561	26
8491	9197	561	50
8492	6640	561	2
8492	8490	561	87
8494	6589	561	60
8494	8197	561	96
8495	6802	561	91
8496	7924	561	72
8496	8621	561	19
8496	8854	561	26
8498	7661	561	47
8499	7408	561	16
8499	7863	561	67
8500	9006	561	33
8501	8045	561	58
8501	9430	561	24
8502	6863	561	48
8506	7004	561	62
8506	7227	561	26
8507	8379	561	13
8507	9057	561	75
8507	9077	561	11
8510	8541	561	50
8513	9158	561	41
8514	9370	561	56
8515	6560	561	93
8515	6570	561	99
8515	7025	561	13
8515	7500	561	1
8515	7955	561	33
8515	8177	561	13
8516	6782	561	95
8517	6530	561	9
8518	8592	561	73
8519	7167	561	60
8519	7409	561	24
8521	7126	561	92
8521	7814	561	95
8522	7339	561	89
8524	8441	561	14
8524	8916	561	77
8526	9320	561	28
8527	7915	561	46
8528	6965	561	93
8530	6924	561	59
8531	6672	561	42
8532	8259	561	63
8532	8957	561	59
8533	8016	561	44
8533	8481	561	63
8539	6470	561	69
8539	7643	561	52
8540	8320	561	90
8540	9230	561	21
8541	7835	561	79
8543	6622	561	71
8543	7309	561	8
8544	7987	561	92
8545	8189	561	73
8546	7006	561	54
8546	8411	561	74
8547	6763	561	24
8547	8381	561	64
8548	6733	561	3
8548	7886	561	8
8549	6956	561	5
8549	8573	561	74
8550	7380	561	88
8550	8078	561	68
8551	6430	561	52
8551	6905	561	36
8552	7795	561	17
8553	6865	561	100
8553	7552	561	25
8553	9160	561	64
8554	8230	561	5
8555	6572	561	46
8555	9362	561	40
8556	7471	561	31
8558	6511	561	73
8558	7664	561	38
8559	9271	561	57
8560	6693	561	57
8560	9241	561	11
8561	7138	561	2
8564	6592	561	60
8565	8200	561	52
8565	8442	561	7
8566	6784	561	60
8567	7239	561	8
8569	7866	561	58
8569	8341	561	13
8571	6663	561	5
8571	7604	561	4
8572	9201	561	86
8575	6815	561	25
8576	7947	561	75
8578	8140	561	48
8579	6724	561	41
8581	7836	561	8
8581	8059	561	53
8581	8302	561	72
8581	8534	561	64
8582	7806	561	79
8583	7786	561	59
8584	7533	561	56
8584	7988	561	80
8585	7291	561	16
8586	7018	561	99
8586	7725	561	36
8587	7463	561	98
8587	9090	561	99
8589	6482	561	94
8591	6917	561	49
8594	6604	561	17
8596	7261	561	69
8596	7493	561	47
8597	6533	561	57
8597	6766	561	20
8600	6938	561	19
8600	7868	561	84
8602	6887	561	12
8602	7120	561	77
8604	8242	561	49
8605	9142	561	50
8607	8404	561	51
8608	6523	561	12
8610	8333	561	1
8612	6655	561	80
8614	6837	561	97
8615	7980	561	58
8615	8212	561	75
8617	8172	561	43
8618	6514	561	7
8618	6979	561	30
8622	7353	561	86
8622	8283	561	92
8624	8475	561	22
8625	6605	561	14
8627	7929	561	10
8627	8395	561	46
8628	6757	561	32
8628	7232	561	30
8628	8142	561	25
8629	7202	561	67
8630	6939	561	4
8632	6888	561	8
8632	8061	561	12
8633	6646	561	13
8634	7556	561	19
8635	7050	561	100
8635	7980	561	85
8636	6585	561	84
8637	6788	561	85
8637	7475	561	16
8639	6494	561	59
8639	6737	561	52
8640	8112	561	66
8641	6687	561	15
8643	7111	561	95
8643	7334	561	60
8646	7738	561	74
8649	8355	561	83
8651	7395	561	79
8651	8537	561	37
8652	6899	561	3
8655	8214	561	49
8659	8143	561	47
8661	7860	561	63
8661	8315	561	34
8662	8073	561	89
8663	6657	561	28
8666	7517	561	76
8667	6556	561	47
8668	8386	561	10
8669	6506	561	7
8669	7203	561	9
8670	7891	561	9
8671	7628	561	89
8673	8043	561	49
8673	8265	561	45
8674	6860	561	66
8676	7750	561	7
8676	7982	561	37
8678	7932	561	48
8683	8508	561	87
8684	8488	561	64
8685	7073	561	62
8686	6587	561	99
8686	6830	561	8
8687	7032	561	33
8688	6780	561	20
8688	7477	561	5
8688	7922	561	81
8690	7427	561	95
8691	6931	561	4
8694	7326	561	74
8695	7548	561	2
8696	8448	561	93
8698	7013	561	41
8700	6740	561	93
8700	6972	561	12
8702	7599	561	69
8703	6902	561	43
8705	7781	561	56
8705	8226	561	38
8707	8186	561	63
8709	7215	561	43
8710	7428	561	66
8711	6720	561	65
8711	8338	561	58
8712	7387	561	18
8713	7812	561	69
8718	8409	561	23
8722	6700	561	81
8722	7155	561	34
8722	7843	561	78
8723	8287	561	69
8725	7539	561	99
8726	7984	561	71
8727	6802	561	97
8728	6559	561	12
8728	7014	561	7
8728	7257	561	58
8732	6933	561	9
8733	7600	561	64
8734	6873	561	100
8736	8450	561	21
8737	6812	561	39
8738	7489	561	82
8740	7196	561	9
8743	6903	561	80
8743	7368	561	4
8744	7803	561	89
8745	7096	561	73
8745	8248	561	21
8746	7065	561	74
8746	7308	561	17
8748	6550	561	33
8748	6792	561	31
8750	6742	561	64
8750	6964	561	48
8750	7439	561	44
8750	8359	561	38
8752	7389	561	25
8752	8309	561	79
8755	7551	561	76
8758	8410	561	23
8759	8168	561	56
8759	8390	561	40
8762	8097	561	24
8763	7359	561	94
8764	8037	561	77
8766	6844	561	32
8766	7986	561	12
8769	6773	561	47
8770	6743	561	89
8771	6723	561	67
8771	6945	561	91
8771	7643	561	70
8773	6682	561	87
8776	7299	561	84
8779	7936	561	77
8781	6966	561	62
8781	7431	561	97
8781	8341	561	18
8782	6925	561	87
8782	7178	561	61
8783	8068	561	21
8787	8432	561	34
8791	6734	561	91
8792	7401	561	39
8792	7866	561	49
8795	8038	561	37
8797	7280	561	4
8797	7745	561	41
8797	7977	561	91
8799	8402	561	29
8800	7452	561	52
8803	7614	561	75
8805	7563	561	89
8806	7321	561	57
8807	7523	561	63
8811	7654	561	2
8812	7412	561	23
8813	6694	561	91
8814	7826	561	86
8818	7048	561	11
8819	7018	561	65
8820	7230	561	79
8820	7918	561	69
8821	6967	561	42
8822	6715	561	52
8824	6907	561	57
8824	7352	561	19
8826	8009	561	23
8829	6796	561	74
8829	7706	561	16
8836	7777	561	6
8839	7251	561	66
8840	6756	561	100
8843	6685	561	84
8849	7949	561	61
8851	7899	561	26
8852	6726	561	61
8853	6938	561	8
8858	7980	561	65
8862	7879	561	23
8864	7606	561	17
8865	7819	561	48
8866	6858	561	54
8866	7091	561	9
8867	7313	561	25
8868	6818	561	17
8868	7748	561	24
8869	7253	561	54
8870	7697	561	62
8874	6677	561	41
8874	7364	561	74
8874	8062	561	94
8875	6899	561	32
8876	7789	561	79
8877	7546	561	82
8879	7031	561	66
8879	7728	561	67
8883	6940	561	94
8885	7132	561	45
8885	7809	561	27
8886	7334	561	57
8891	6748	561	79
8895	6667	561	100
8898	6829	561	12
8898	7294	561	17
8900	6779	561	41
8900	7001	561	32
8902	7426	561	23
8903	6708	561	16
8903	7648	561	51
8903	7861	561	1
8907	6860	561	95
8910	7487	561	20
8911	7214	561	76
8913	6941	561	86
8917	6628	561	79
8919	6577	561	10
8922	6729	561	9
8922	6982	561	99
8925	6901	561	35
8925	7376	561	57
8926	6871	561	13
8926	7811	561	88
8928	7073	561	20
8930	7720	561	5
8931	6760	561	59
8934	7862	561	10
8936	6649	561	70
8939	7033	561	35
8939	7286	561	36
8940	6801	561	90
8943	6710	561	79
8948	6609	561	3
8951	7003	561	92
8952	6741	561	71
8953	7428	561	34
8954	6690	561	74
8957	7337	561	53
8961	6539	561	17
8962	6509	561	59
8969	6590	561	26
8969	6822	561	20
8970	6802	561	43
8970	7267	561	64
8971	7227	561	18
8972	7207	561	81
8973	6954	561	87
8974	7409	561	84
8977	6873	561	69
8983	6742	561	62
8985	6691	561	47
8986	6651	561	33
8988	6621	561	46
8994	6490	561	56
8994	6935	561	58
8996	6904	561	89
9002	6996	561	29
9005	6682	561	43
9007	7097	561	34
9009	6602	561	88
9011	6784	561	15
9012	6531	561	48
9019	7057	561	58
9020	6814	561	73
9022	6541	561	84
9024	6481	561	30
9025	6936	561	38
9030	6572	561	39
9033	6734	561	29
9037	6653	561	92
9038	7088	561	78
9043	6512	561	34
9043	6987	561	10
9045	6462	561	93
9046	6684	561	56
9054	6715	561	45
9056	6917	561	33
9060	6594	561	3
9060	7059	561	96
9064	7190	561	25
9070	6817	561	31
9072	6766	561	27
9076	6928	561	47
9078	6867	561	44
9082	6544	561	5
9083	6989	561	77
9087	6676	561	39
9090	6595	561	47
9094	6737	561	45
9098	6646	561	24
9101	6798	561	42
9102	6778	561	78
9108	6889	561	33
9110	6606	561	92
9120	7061	561	72
9126	7163	561	51
9127	6677	561	63
9128	7122	561	62
9129	7082	561	21
9131	7042	561	48
9134	6738	561	15
9140	6830	561	27
9143	6779	561	28
9158	6901	561	21
9166	6932	561	86
9176	6953	561	86
