2392	150		
1639	2156	1016	76
1875	2925	1016	70
2150	2925	1016	44
2425	2925	1016	66
2525	2675	1016	47
2525	2575	1016	4
2525	2375	1016	80
2525	2275	1016	63
2525	2175	1016	24
2786	2148	1016	2
2786	2249	1016	66
2786	2352	1016	14
2785	2451	1016	5
2785	2552	1016	91
2787	2651	1016	11
2925	2925	1016	56
3198	2925	1016	33
3475	2925	1016	39
3725	2925	1016	98
3675	2675	1016	34
3675	2575	1016	15
3675	2375	1016	71
3675	2275	1016	16
3675	2175	1016	51
4189	2156	1016	82
4190	2256	1016	54
4190	2355	1016	65
4189	2456	1016	3
4189	2556	1016	91
4190	2656	1016	31
4275	2975	1016	9
4425	2925	1016	77
4700	2925	1016	78
4975	2925	1016	50
5075	2675	1016	76
5075	2575	1016	42
5075	2375	1016	88
5075	2275	1016	43
5075	2175	1016	57
5336	2148	1016	62
5336	2249	1016	60
5336	2352	1016	55
5335	2451	1016	35
5335	2552	1016	27
5337	2651	1016	36
5475	2925	1016	78
5748	2925	1016	19
6025	2925	1016	75
6275	2925	1016	14
6225	2675	1016	65
6225	2575	1016	94
6225	2375	1016	52
6225	2275	1016	11
6225	2175	1016	52
6739	2156	1016	35
6740	2256	1016	27
6740	2355	1016	16
6739	2456	1016	57
6739	2556	1016	43
6740	2656	1016	72
6825	2975	1016	72
6975	2925	1016	22
7250	2925	1016	43
7525	2925	1016	46
7625	2675	1016	11
7625	2575	1016	37
7625	2375	1016	5
7625	2275	1016	56
7625	2175	1016	90
7886	2148	1016	86
7886	2249	1016	73
7886	2352	1016	27
7885	2451	1016	44
7885	2552	1016	54
7887	2651	1016	87
8025	2925	1016	27
8298	2925	1016	56
8575	2925	1016	22
8825	2925	1016	93
8775	2675	1016	39
8775	2575	1016	8
8775	2375	1016	23
8775	2275	1016	19
8775	2175	1016	14
9289	2156	1016	75
9290	2256	1016	20
9290	2355	1016	26
9289	2456	1016	63
9289	2556	1016	40
9290	2656	1016	42
9375	2975	1016	90
9525	2925	1016	43
9800	2925	1016	25
10075	2925	1016	37
10175	2675	1016	98
10175	2575	1016	18
10175	2375	1016	31
10175	2275	1016	51
10175	2175	1016	13
10436	2148	1016	3
10436	2249	1016	40
10436	2352	1016	37
10435	2451	1016	14
10435	2552	1016	25
10437	2651	1016	33
10575	2925	1016	66
10848	2925	1016	2
11125	2925	1016	53
11325	2175	1016	39
11325	2275	1016	47
11325	2375	1016	99
11325	2575	1016	10
11325	2675	1016	83
11375	2925	1016	26
11375	3125	1016	40
11400	3225	1016	26
11400	3325	1016	73
11400	3475	1016	42
11400	3625	1016	27
11300	3825	1016	30
11125	3825	1016	81
11125	3925	1016	61
11025	3975	1016	13
10925	3975	1016	17
10925	3875	1016	33
10550	3925	1016	67
10550	3725	1016	33
10550	3325	1016	3
10100	3325	1016	13
10100	3725	1016	29
10100	3925	1016	98
9725	3875	1016	58
9725	3975	1016	42
9625	3975	1016	74
9550	3875	1016	83
9425	3875	1016	42
9275	3900	1016	21
9250	3700	1016	26
9250	3575	1016	10
9250	3475	1016	3
9250	3375	1016	90
9250	3275	1016	49
8825	3125	1016	33
8850	3225	1016	30
8850	3325	1016	26
8850	3475	1016	98
8850	3625	1016	37
8750	3825	1016	55
8575	3825	1016	47
8575	3925	1016	17
8475	3975	1016	5
8375	3875	1016	42
8375	3975	1016	83
8400	4125	1016	58
8300	4175	1016	71
8400	4275	1016	3
8500	4175	1016	5
8675	4325	1016	96
8775	4425	1016	33
8825	4325	1016	78
9275	4275	1016	52
9375	4275	1016	47
9325	4375	1016	36
9400	4450	1016	36
9400	4550	1016	11
9325	4500	1016	45
9215	4560	1016	78
9215	4710	1016	52
9375	4775	1016	15
9215	4860	1016	73
9215	5010	1016	82
9215	5160	1016	24
9215	5310	1016	20
9215	5460	1016	21
9215	5610	1016	51
9475	5675	1016	93
9475	5525	1016	64
9475	5425	1016	94
9475	5275	1016	6
9475	5025	1016	85
9575	5075	1016	51
9725	5075	1016	75
9675	4975	1016	47
9575	4925	1016	43
9525	4775	1016	88
9600	4675	1016	80
9625	4775	1016	24
9775	4775	1016	54
9975	4600	1016	64
9875	4600	1016	17
9800	4525	1016	17
9700	4525	1016	97
9700	4425	1016	11
9800	4425	1016	5
9800	4325	1016	78
9700	4275	1016	79
9600	4175	1016	71
9700	4125	1016	96
9800	4175	1016	70
9875	4275	1016	41
9975	4275	1016	32
10075	4175	1016	72
10275	4175	1016	50
10375	4175	1016	61
10575	4175	1016	74
10675	4275	1016	76
10775	4275	1016	63
10850	4325	1016	15
10850	4425	1016	44
10850	4525	1016	92
10775	4575	1016	88
10675	4575	1016	48
10875	4775	1016	2
11025	4775	1016	78
11175	4725	1016	17
11050	4675	1016	98
10950	4500	1016	37
10950	4400	1016	98
10950	4275	1016	78
10850	4175	1016	26
10950	4125	1016	95
11050	4175	1016	5
11225	4325	1016	60
11375	4325	1016	31
11325	4425	1016	38
11325	4575	1016	42
11325	4675	1016	53
11325	4775	1016	89
11325	4925	1016	23
11450	4925	1016	73
11450	5075	1016	98
11422	5204	1016	72
11425	5325	1016	39
11325	5275	1016	73
11325	5375	1016	14
11175	5375	1016	31
11175	5275	1016	92
11125	5175	1016	90
11100	5025	1016	30
10975	4975	1016	80
10925	5075	1016	32
10950	5175	1016	99
10900	5275	1016	41
10900	5375	1016	29
10800	5175	1016	9
10525	5175	1016	40
10325	5175	1016	54
10325	5025	1016	32
10425	5075	1016	32
10475	4975	1016	79
10325	4875	1016	55
10175	4975	1016	58
10225	5075	1016	7
10125	5175	1016	3
9975	5175	1016	32
10050	5250	1016	75
10050	5350	1016	38
10025	5450	1016	53
10175	5450	1016	70
10325	5450	1016	7
10475	5450	1016	14
10575	5450	1016	50
10675	5450	1016	37
10525	6025	1016	50
10525	6125	1016	6
10675	6125	1016	93
10825	6025	1016	45
11025	6050	1016	43
11224	5908	1016	60
11400	5975	1016	87
11400	6375	1016	95
11400	6575	1016	68
11175	6575	1016	31
11025	6450	1016	60
10975	6675	1016	26
11075	6775	1016	92
10975	6875	1016	74
11175	6975	1016	74
11375	6975	1016	49
11325	7075	1016	100
11400	7150	1016	24
11125	7150	1016	48
10975	7150	1016	50
10875	7325	1016	59
10925	7425	1016	38
11075	7425	1016	70
11175	7475	1016	42
11075	7575	1016	16
11175	7625	1016	35
11175	7725	1016	17
11025	7725	1016	97
11025	7825	1016	16
11175	7825	1016	25
11325	7875	1016	38
11425	7925	1016	71
11425	8075	1016	32
11325	8075	1016	74
11275	8175	1016	39
11425	8225	1016	63
11425	8375	1016	56
11275	8325	1016	23
11175	8325	1016	45
11075	8225	1016	9
10975	8225	1016	35
10925	7975	1016	67
10775	7825	1016	22
10825	7600	1016	60
10725	7575	1016	80
10775	7425	1016	42
10675	7425	1016	21
10525	7425	1016	65
10525	7575	1016	7
10450	7750	1016	63
10300	7750	1016	5
10425	7875	1016	9
10525	7925	1016	56
10575	7825	1016	58
10625	7975	1016	85
10725	7975	1016	16
10725	8075	1016	35
10625	8125	1016	30
10525	8075	1016	8
10425	8025	1016	28
10425	8125	1016	79
10250	8225	1016	36
10150	8225	1016	84
10225	8125	1016	11
10275	7975	1016	2
10125	7975	1016	82
10000	7875	1016	100
10000	7775	1016	50
9825	7825	1016	27
9625	7725	1016	35
9475	7725	1016	86
9425	7625	1016	72
9575	7625	1016	7
9625	7475	1016	39
9725	7575	1016	93
9825	7475	1016	57
10025	7525	1016	43
9975	7425	1016	70
9925	7275	1016	54
9825	7075	1016	99
9625	7075	1016	61
9725	6975	1016	68
9875	6775	1016	50
9725	6775	1016	3
9575	6825	1016	57
9575	6675	1016	78
9725	6425	1016	53
9625	6200	1016	18
9725	6025	1016	25
9625	6000	1016	6
9225	6375	1016	96
9225	6525	1016	34
9375	6525	1016	32
9375	6675	1016	14
9225	6675	1016	84
9225	6875	1016	99
9225	7075	1016	64
9226	7259	1016	62
9225	7260	1016	23
9226	7409	1016	18
9225	7410	1016	80
9225	7560	1016	63
9226	7560	1016	84
9225	7710	1016	93
9225	7711	1016	81
9325	7825	1016	95
9225	7875	1016	1
9225	7975	1016	59
9225	8075	1016	20
9225	8175	1016	35
9225	8275	1016	98
9225	8375	1016	81
9225	8475	1016	57
9275	8825	1016	48
9475	8825	1016	38
9578	8820	1016	79
9847	8703	1016	3
9875	8825	1016	80
10025	8725	1016	11
10075	8825	1016	16
10175	8725	1016	7
10100	8575	1016	93
10250	8375	1016	59
10250	8475	1016	47
10250	8625	1016	7
10475	8775	1016	4
10575	8775	1016	44
10675	8775	1016	31
10775	8775	1016	33
10925	8775	1016	83
10875	8625	1016	46
10875	8525	1016	87
10975	8575	1016	64
11175	8475	1016	75
11275	8425	1016	95
11350	8575	1016	25
11450	8675	1016	76
11350	8775	1016	59
11325	9325	1016	62
11325	9425	1016	79
11325	9525	1016	23
11325	9725	1016	78
11325	9825	1016	82
11125	10075	1016	75
11375	10075	1016	94
11375	10275	1016	30
11400	10375	1016	8
11400	10475	1016	17
11400	10625	1016	72
11400	10775	1016	60
11300	10975	1016	78
11125	10975	1016	62
11125	11075	1016	74
11025	11125	1016	73
10925	11125	1016	68
10925	11025	1016	73
10550	10875	1016	44
10550	11075	1016	91
10275	11325	1016	12
10375	11325	1016	49
10575	11325	1016	20
10675	11425	1016	74
10775	11425	1016	46
10850	11475	1016	44
10850	11575	1016	41
10850	11675	1016	38
10775	11725	1016	43
10675	11725	1016	82
10875	11925	1016	49
11025	11925	1016	27
11175	11875	1016	74
11050	11825	1016	45
10950	11650	1016	81
10950	11550	1016	5
10950	11425	1016	53
10850	11325	1016	76
10950	11275	1016	41
11050	11325	1016	76
11225	11475	1016	24
11375	11475	1016	1
11325	11575	1016	92
11325	11725	1016	26
11325	11825	1016	59
11325	11925	1016	62
11325	12075	1016	51
11450	12075	1016	37
11450	12225	1016	31
11422	12354	1016	66
11425	12475	1016	88
11325	12425	1016	79
11325	12525	1016	32
11175	12525	1016	75
11175	12425	1016	31
11125	12325	1016	69
11100	12175	1016	97
10975	12125	1016	7
10925	12225	1016	82
10950	12325	1016	88
10900	12425	1016	92
10900	12525	1016	26
10800	12325	1016	39
10525	12325	1016	70
10425	12225	1016	82
10475	12125	1016	34
10325	12025	1016	34
10175	12125	1016	23
10225	12225	1016	75
10325	12175	1016	90
10325	12325	1016	55
10125	12325	1016	91
9975	12325	1016	66
10050	12400	1016	47
10050	12500	1016	12
10025	12600	1016	85
10175	12600	1016	83
10325	12600	1016	58
10475	12600	1016	39
10575	12600	1016	43
10675	12600	1016	36
10525	13175	1016	73
10525	13275	1016	55
10675	13275	1016	92
10825	13175	1016	36
11025	13200	1016	25
11224	13058	1016	25
11400	13125	1016	65
11400	13525	1016	7
11400	13725	1016	71
11175	13725	1016	30
11025	13600	1016	95
10975	13825	1016	95
11075	13925	1016	61
10975	14025	1016	13
11175	14125	1016	82
11375	14125	1016	19
11325	14225	1016	54
11400	14300	1016	19
11125	14300	1016	99
10975	14300	1016	3
10875	14475	1016	34
10925	14575	1016	41
10825	14750	1016	48
10725	14725	1016	2
10775	14575	1016	63
10675	14575	1016	16
10525	14575	1016	52
10525	14725	1016	28
10450	14900	1016	13
10300	14900	1016	91
10425	15025	1016	49
10425	15175	1016	30
10425	15275	1016	98
10525	15225	1016	71
10625	15275	1016	37
10725	15225	1016	43
10725	15125	1016	48
10625	15125	1016	28
10525	15075	1016	19
10575	14975	1016	32
10775	14975	1016	55
10925	15125	1016	97
11025	14975	1016	9
11025	14875	1016	41
11075	14725	1016	59
11075	14575	1016	30
11175	14625	1016	78
11175	14775	1016	20
11175	14875	1016	36
11175	14975	1016	15
11325	15025	1016	60
11425	15075	1016	35
11425	15225	1016	73
11325	15225	1016	27
11275	15325	1016	44
11425	15375	1016	43
11425	15525	1016	34
11350	15725	1016	40
11450	15825	1016	74
11350	15925	1016	41
11175	15625	1016	24
11275	15575	1016	41
11275	15475	1016	47
11175	15475	1016	6
11075	15375	1016	78
10975	15375	1016	67
10875	15675	1016	74
10975	15725	1016	88
10875	15775	1016	73
10925	15925	1016	59
10775	15925	1016	64
10675	15925	1016	99
10575	15925	1016	49
10475	15925	1016	92
10250	15775	1016	69
10175	15875	1016	42
10075	15975	1016	38
9875	15975	1016	64
9847	15853	1016	83
10025	15875	1016	57
10100	15725	1016	82
10250	15625	1016	38
10250	15525	1016	65
10250	15375	1016	37
10150	15375	1016	53
10225	15275	1016	64
10275	15125	1016	59
10125	15125	1016	17
10000	15025	1016	8
10000	14925	1016	63
9825	14975	1016	27
9625	14875	1016	48
9475	14875	1016	29
9425	14775	1016	85
9575	14775	1016	73
9625	14625	1016	5
9725	14725	1016	16
9825	14625	1016	34
10025	14675	1016	16
9975	14575	1016	6
9925	14425	1016	28
9825	14225	1016	62
9625	14225	1016	62
9725	14125	1016	12
9875	13925	1016	44
9725	13925	1016	56
9575	13975	1016	30
9575	13825	1016	44
9725	13575	1016	30
9625	13350	1016	5
9725	13175	1016	26
9625	13150	1016	74
9225	13525	1016	91
9225	13675	1016	7
9375	13675	1016	9
9375	13825	1016	92
9225	13825	1016	4
9225	14025	1016	38
9225	14225	1016	58
9226	14409	1016	92
9225	14410	1016	26
9226	14559	1016	29
9225	14560	1016	19
9225	14710	1016	94
9226	14710	1016	73
9225	14860	1016	95
9225	14861	1016	12
9325	14975	1016	8
9225	15025	1016	59
9225	15125	1016	49
9225	15225	1016	66
9225	15325	1016	76
9225	15425	1016	85
9225	15525	1016	62
9225	15625	1016	18
9578	15970	1016	47
9475	15975	1016	30
9275	15975	1016	75
8900	15825	1016	86
8800	15925	1016	92
8800	15725	1016	38
8725	15575	1016	97
8625	15625	1016	58
8425	15725	1016	37
8325	15675	1016	16
8325	15775	1016	60
8375	15925	1016	53
8225	15925	1016	15
8125	15925	1016	40
8025	15925	1016	95
7925	15925	1016	39
7700	15775	1016	22
7700	15625	1016	12
7700	15525	1016	96
7550	15725	1016	7
7625	15875	1016	93
7525	15975	1016	35
7475	15875	1016	26
7325	15975	1016	91
7297	15853	1016	88
7028	15970	1016	32
6925	15975	1016	30
6725	15975	1016	21
6675	15625	1016	32
6675	15525	1016	4
6675	15425	1016	38
6675	15325	1016	50
6675	15225	1016	73
6675	15125	1016	31
6675	15025	1016	96
6775	14975	1016	17
6675	14861	1016	89
6675	14860	1016	58
6676	14710	1016	11
6675	14710	1016	21
6675	14560	1016	80
6676	14559	1016	28
6675	14410	1016	32
6676	14409	1016	28
6675	14225	1016	90
6675	14025	1016	18
6675	13825	1016	89
6825	13825	1016	58
6825	13675	1016	1
6675	13675	1016	86
6675	13525	1016	77
7075	13150	1016	36
7175	13175	1016	27
7075	13350	1016	15
7175	13575	1016	31
7025	13825	1016	14
7025	13975	1016	79
7175	13925	1016	54
7325	13925	1016	95
7175	14125	1016	24
7075	14225	1016	22
7275	14225	1016	65
7375	14425	1016	25
7425	14575	1016	9
7475	14675	1016	19
7275	14625	1016	79
7175	14725	1016	45
7075	14625	1016	23
7025	14775	1016	9
6875	14775	1016	20
6925	14875	1016	51
7075	14875	1016	47
7275	14975	1016	8
7450	14925	1016	79
7450	15025	1016	6
7575	15125	1016	84
7725	15125	1016	9
7675	15275	1016	1
7600	15375	1016	92
7700	15375	1016	3
7875	15275	1016	5
7875	15175	1016	32
7975	15225	1016	89
8075	15275	1016	62
8175	15225	1016	81
8175	15125	1016	22
8075	15125	1016	25
8025	14975	1016	93
7975	15075	1016	52
7875	15025	1016	47
7750	14900	1016	66
7900	14900	1016	79
7975	14725	1016	17
7975	14575	1016	72
8125	14575	1016	55
8225	14575	1016	22
8175	14725	1016	81
8275	14750	1016	68
8225	14975	1016	52
8375	15125	1016	12
8425	15375	1016	37
8525	15375	1016	35
8625	15475	1016	62
8725	15475	1016	76
8875	15525	1016	61
8875	15375	1016	6
8725	15325	1016	72
8775	15225	1016	16
8875	15225	1016	52
8875	15075	1016	78
8775	15025	1016	62
8625	14975	1016	41
8475	14975	1016	7
8475	14875	1016	40
8625	14875	1016	54
8625	14775	1016	38
8525	14725	1016	18
8625	14625	1016	12
8525	14575	1016	81
8375	14575	1016	41
8325	14475	1016	7
8425	14300	1016	20
8575	14300	1016	51
8850	14300	1016	63
8775	14225	1016	90
8825	14125	1016	100
8625	14125	1016	89
8425	14025	1016	60
8525	13925	1016	93
8425	13825	1016	72
8475	13600	1016	83
8625	13725	1016	17
8850	13725	1016	81
8850	13525	1016	39
8850	13125	1016	80
8674	13058	1016	49
8475	13200	1016	95
8275	13175	1016	1
8125	13275	1016	31
7975	13275	1016	80
7975	13175	1016	47
8125	12600	1016	15
8025	12600	1016	6
7925	12600	1016	36
7775	12600	1016	85
7625	12600	1016	52
7475	12600	1016	76
7500	12500	1016	10
7500	12400	1016	12
7425	12325	1016	83
7575	12325	1016	3
7675	12225	1016	5
7625	12125	1016	86
7775	12025	1016	52
7925	12125	1016	43
7875	12225	1016	8
7775	12175	1016	93
7775	12325	1016	93
7975	12325	1016	89
8250	12325	1016	4
8350	12525	1016	100
8350	12425	1016	37
8400	12325	1016	100
8375	12225	1016	75
8425	12125	1016	89
8550	12175	1016	43
8575	12325	1016	4
8625	12425	1016	89
8625	12525	1016	23
8775	12525	1016	3
8775	12425	1016	15
8875	12475	1016	68
8872	12354	1016	5
8900	12225	1016	44
8900	12075	1016	73
8775	12075	1016	43
8775	11925	1016	51
8775	11825	1016	21
8775	11725	1016	26
8775	11575	1016	65
8825	11475	1016	89
8675	11475	1016	35
8500	11325	1016	65
8400	11275	1016	72
8300	11325	1016	69
8400	11425	1016	69
8400	11550	1016	45
8400	11650	1016	65
8500	11825	1016	74
8625	11875	1016	16
8475	11925	1016	35
8325	11925	1016	38
8125	11725	1016	35
8225	11725	1016	41
8300	11675	1016	62
8300	11575	1016	5
8300	11475	1016	67
8225	11425	1016	2
8125	11425	1016	84
8025	11325	1016	55
7825	11325	1016	81
7725	11325	1016	100
7525	11325	1016	99
7425	11425	1016	92
7325	11425	1016	10
7250	11325	1016	20
7150	11275	1016	53
7050	11325	1016	14
7150	11425	1016	32
7250	11475	1016	66
7250	11575	1016	17
7150	11575	1016	38
7150	11675	1016	53
7250	11675	1016	64
7325	11750	1016	65
7425	11750	1016	81
7225	11925	1016	50
7075	11925	1016	16
7050	11825	1016	49
6975	11925	1016	76
7025	12075	1016	83
7125	12125	1016	75
7175	12225	1016	92
7025	12225	1016	56
6925	12175	1016	93
6925	12425	1016	12
6925	12575	1016	78
6925	12675	1016	89
6925	12825	1016	91
6665	12760	1016	89
6665	12610	1016	47
6665	12460	1016	65
6665	12310	1016	25
6665	12160	1016	47
6665	12010	1016	18
6825	11925	1016	35
6665	11860	1016	76
6665	11710	1016	43
6775	11650	1016	8
6850	11700	1016	64
6850	11600	1016	82
6775	11525	1016	52
6825	11425	1016	74
6725	11425	1016	91
6275	11475	1016	35
6225	11575	1016	71
6125	11475	1016	49
5950	11325	1016	87
5850	11425	1016	16
5750	11325	1016	98
5850	11275	1016	22
5825	11125	1016	10
5825	11025	1016	100
5925	11125	1016	1
6025	11075	1016	60
6025	10975	1016	32
6200	10975	1016	67
6300	10775	1016	56
6300	10625	1016	55
6300	10475	1016	18
6300	10375	1016	29
6275	10275	1016	21
6700	10425	1016	59
6700	10525	1016	78
6700	10625	1016	43
6700	10725	1016	10
6700	10850	1016	68
6725	11050	1016	78
6875	11025	1016	85
7000	11025	1016	62
7075	11125	1016	49
7175	11125	1016	69
7175	11025	1016	63
7550	11075	1016	15
7550	10875	1016	43
7550	10475	1016	88
8000	10475	1016	83
8000	10875	1016	6
8000	11075	1016	4
8375	11025	1016	56
8375	11125	1016	44
8475	11125	1016	50
8575	11075	1016	72
8575	10975	1016	56
8750	10975	1016	73
8850	10775	1016	93
8850	10625	1016	12
8850	10475	1016	51
8850	10375	1016	32
8825	10275	1016	88
9250	10425	1016	18
9250	10525	1016	23
9250	10625	1016	85
9250	10725	1016	65
9250	10850	1016	62
9275	11050	1016	51
9425	11025	1016	81
9550	11025	1016	59
9625	11125	1016	36
9725	11025	1016	35
9725	11125	1016	23
9700	11275	1016	31
9800	11325	1016	73
9700	11425	1016	75
9600	11325	1016	63
9375	11425	1016	38
9275	11425	1016	56
9325	11525	1016	74
9400	11600	1016	4
9400	11700	1016	73
9325	11650	1016	8
9215	11710	1016	54
9215	11860	1016	11
9375	11925	1016	70
9215	12010	1016	88
9215	12160	1016	87
9215	12310	1016	54
9215	12460	1016	52
9215	12610	1016	82
9215	12760	1016	7
9475	12825	1016	85
9475	12675	1016	45
9475	12575	1016	1
9475	12425	1016	48
9475	12175	1016	47
9575	12225	1016	90
9725	12225	1016	89
9675	12125	1016	25
9575	12075	1016	77
9525	11925	1016	5
9600	11825	1016	52
9625	11925	1016	50
9775	11925	1016	1
9975	11750	1016	92
9875	11750	1016	82
9800	11675	1016	65
9700	11675	1016	51
9700	11575	1016	68
9800	11575	1016	67
9800	11475	1016	49
9875	11425	1016	45
9975	11425	1016	19
10075	11325	1016	7
10100	11075	1016	30
10100	10875	1016	2
10100	10475	1016	87
10550	10475	1016	21
10848	10075	1016	14
10575	10075	1016	11
10437	9801	1016	78
10435	9702	1016	86
10435	9601	1016	86
10436	9502	1016	90
10436	9399	1016	48
10436	9298	1016	73
10175	9325	1016	97
10175	9425	1016	26
10175	9525	1016	73
10175	9725	1016	46
10175	9825	1016	24
10075	10075	1016	72
9800	10075	1016	3
9525	10075	1016	91
9375	10125	1016	23
9290	9806	1016	9
9289	9706	1016	99
9289	9606	1016	51
9290	9505	1016	96
9290	9406	1016	10
9289	9306	1016	18
8775	9325	1016	55
8775	9425	1016	98
8775	9525	1016	75
8775	9725	1016	83
8775	9825	1016	96
8825	10075	1016	76
8575	10075	1016	42
8298	10075	1016	66
8025	10075	1016	8
7887	9801	1016	24
7885	9702	1016	80
7885	9601	1016	84
7886	9502	1016	28
7886	9399	1016	99
7886	9298	1016	51
7625	9325	1016	16
7625	9425	1016	69
7625	9525	1016	81
7625	9725	1016	69
7625	9825	1016	74
7525	10075	1016	43
7250	10075	1016	10
6975	10075	1016	5
6825	10125	1016	78
6740	9806	1016	29
6739	9706	1016	38
6739	9606	1016	77
6740	9505	1016	25
6740	9406	1016	60
6739	9306	1016	80
7028	8820	1016	23
6925	8825	1016	29
6725	8825	1016	15
6675	8475	1016	28
6675	8375	1016	99
6675	8275	1016	49
6675	8175	1016	44
6675	8075	1016	97
6675	7975	1016	90
6675	7875	1016	87
6775	7825	1016	82
6675	7711	1016	100
6675	7710	1016	75
6676	7560	1016	15
6675	7560	1016	83
6675	7410	1016	96
6676	7409	1016	23
6675	7260	1016	75
6676	7259	1016	35
6675	7075	1016	30
6675	6875	1016	39
6675	6675	1016	49
6825	6675	1016	78
6825	6525	1016	35
6675	6525	1016	11
6675	6375	1016	32
7075	6000	1016	70
7175	6025	1016	66
7075	6200	1016	27
7175	6425	1016	34
7025	6675	1016	19
7025	6825	1016	63
7175	6775	1016	4
7325	6775	1016	60
7175	6975	1016	77
7075	7075	1016	4
7275	7075	1016	92
7375	7275	1016	96
7425	7425	1016	85
7475	7525	1016	42
7275	7475	1016	84
7175	7575	1016	93
7075	7475	1016	10
7025	7625	1016	50
6875	7625	1016	51
6925	7725	1016	44
7075	7725	1016	67
7275	7825	1016	5
7450	7775	1016	52
7450	7875	1016	79
7575	7975	1016	94
7725	7975	1016	55
7675	8125	1016	56
7600	8225	1016	22
7700	8225	1016	39
7700	8375	1016	42
7700	8475	1016	70
7550	8575	1016	14
7475	8725	1016	35
7297	8703	1016	7
7325	8825	1016	56
7525	8825	1016	44
7625	8725	1016	71
7700	8625	1016	47
7925	8775	1016	73
8025	8775	1016	55
8125	8775	1016	54
8225	8775	1016	68
8375	8775	1016	91
8325	8625	1016	100
8425	8575	1016	70
8325	8525	1016	1
8425	8225	1016	6
8525	8225	1016	9
8625	8325	1016	62
8725	8325	1016	45
8725	8425	1016	30
8625	8475	1016	32
8800	8775	1016	68
8900	8675	1016	42
8800	8575	1016	82
8875	8375	1016	63
8875	8225	1016	88
8725	8175	1016	40
8775	8075	1016	38
8875	8075	1016	34
8875	7925	1016	33
8775	7875	1016	67
8625	7825	1016	31
8625	7725	1016	81
8625	7625	1016	22
8625	7475	1016	10
8525	7425	1016	83
8525	7575	1016	20
8475	7725	1016	37
8475	7825	1016	22
8375	7975	1016	29
8225	7825	1016	64
8025	7825	1016	39
7975	7925	1016	51
8075	7975	1016	91
8175	7975	1016	36
8175	8075	1016	37
8075	8125	1016	8
7975	8075	1016	18
7875	8125	1016	65
7875	8025	1016	74
7875	7875	1016	45
7750	7750	1016	54
7900	7750	1016	7
7975	7575	1016	31
7975	7425	1016	58
8125	7425	1016	77
8225	7425	1016	67
8175	7575	1016	75
8275	7600	1016	33
8375	7425	1016	65
8325	7325	1016	15
8425	7150	1016	78
8575	7150	1016	45
8850	7150	1016	82
8775	7075	1016	22
8825	6975	1016	16
8625	6975	1016	23
8425	6875	1016	99
8525	6775	1016	39
8425	6675	1016	83
8475	6450	1016	17
8625	6575	1016	26
8850	6575	1016	19
8850	6375	1016	53
8850	5975	1016	69
8674	5908	1016	26
8475	6050	1016	4
8275	6025	1016	68
8125	6125	1016	26
7975	6125	1016	52
7975	6025	1016	60
8125	5450	1016	6
8025	5450	1016	85
7925	5450	1016	32
7775	5450	1016	32
7625	5450	1016	31
7475	5450	1016	75
7500	5350	1016	87
7500	5250	1016	97
7425	5175	1016	68
7575	5175	1016	49
7675	5075	1016	53
7625	4975	1016	85
7775	4875	1016	63
7925	4975	1016	55
7875	5075	1016	87
7775	5025	1016	88
7775	5175	1016	35
7975	5175	1016	30
8250	5175	1016	87
8350	5375	1016	28
8350	5275	1016	26
8400	5175	1016	56
8375	5075	1016	52
8425	4975	1016	16
8550	5025	1016	80
8575	5175	1016	83
8625	5275	1016	67
8625	5375	1016	36
8775	5375	1016	90
8775	5275	1016	92
8875	5325	1016	98
8872	5204	1016	71
8900	5075	1016	46
8900	4925	1016	77
8775	4925	1016	23
8775	4775	1016	94
8775	4675	1016	41
8775	4575	1016	5
8625	4725	1016	53
8500	4675	1016	76
8475	4775	1016	41
8325	4775	1016	21
8125	4575	1016	12
8225	4575	1016	16
8300	4525	1016	48
8400	4500	1016	65
8400	4400	1016	37
8300	4425	1016	2
8300	4325	1016	5
8225	4275	1016	53
8125	4275	1016	34
8025	4175	1016	86
8000	3925	1016	50
8000	3725	1016	86
8000	3325	1016	77
7550	3325	1016	52
7550	3725	1016	59
7550	3925	1016	57
7825	4175	1016	66
7725	4175	1016	46
7525	4175	1016	55
7425	4275	1016	48
7325	4275	1016	79
7250	4325	1016	15
7250	4425	1016	8
7150	4425	1016	99
7150	4525	1016	94
7250	4525	1016	41
7325	4600	1016	41
7425	4600	1016	86
7225	4775	1016	30
7075	4775	1016	60
7050	4675	1016	53
6975	4775	1016	18
7025	4925	1016	31
7125	4975	1016	61
7175	5075	1016	96
7025	5075	1016	51
6925	5025	1016	85
6925	5275	1016	5
6925	5425	1016	30
6925	5525	1016	88
6925	5675	1016	95
6665	5610	1016	68
6665	5460	1016	54
6665	5310	1016	83
6665	5160	1016	73
6665	5010	1016	98
6665	4860	1016	19
6825	4775	1016	80
6665	4710	1016	90
6665	4560	1016	90
6775	4500	1016	16
6850	4550	1016	21
6850	4450	1016	16
6775	4375	1016	88
6725	4275	1016	35
6825	4275	1016	59
7050	4175	1016	34
7150	4275	1016	92
7250	4175	1016	56
7150	4125	1016	92
7175	3975	1016	98
7175	3875	1016	59
7075	3975	1016	99
7000	3875	1016	81
6875	3875	1016	82
6725	3900	1016	13
6700	3700	1016	48
6700	3575	1016	70
6700	3475	1016	8
6700	3375	1016	18
6700	3275	1016	43
6275	3125	1016	20
6300	3225	1016	83
6300	3325	1016	11
6300	3475	1016	27
6300	3625	1016	10
6200	3825	1016	15
6025	3825	1016	72
6025	3925	1016	71
5925	3975	1016	98
5825	3975	1016	65
5825	3875	1016	44
5450	3925	1016	26
5450	3725	1016	93
5450	3325	1016	21
5000	3325	1016	7
5000	3725	1016	2
5000	3925	1016	94
4625	3875	1016	16
4625	3975	1016	80
4525	3975	1016	56
4450	3875	1016	25
4325	3875	1016	42
4175	3900	1016	80
4150	3700	1016	61
4150	3575	1016	21
4150	3475	1016	20
4150	3375	1016	66
4150	3275	1016	58
3725	3125	1016	34
3750	3225	1016	11
3750	3325	1016	9
3750	3475	1016	94
3750	3625	1016	95
3650	3825	1016	72
3475	3825	1016	10
3475	3925	1016	76
3375	3975	1016	71
3275	3875	1016	15
3275	3975	1016	21
3300	4125	1016	84
3200	4175	1016	56
3300	4275	1016	71
3400	4175	1016	79
3575	4325	1016	75
3675	4425	1016	46
3725	4325	1016	73
4175	4275	1016	36
4275	4275	1016	52
4225	4375	1016	54
4300	4450	1016	7
4300	4550	1016	78
4225	4500	1016	18
4115	4560	1016	53
4115	4710	1016	59
4275	4775	1016	77
4115	4860	1016	77
4115	5010	1016	82
4115	5160	1016	35
4115	5310	1016	83
4115	5460	1016	5
4115	5610	1016	96
4375	5675	1016	54
4375	5525	1016	28
4375	5425	1016	37
4375	5275	1016	2
4375	5025	1016	13
4475	5075	1016	48
4625	5075	1016	86
4575	4975	1016	2
4475	4925	1016	52
4425	4775	1016	34
4500	4675	1016	27
4525	4775	1016	93
4675	4775	1016	28
4875	4600	1016	83
4775	4600	1016	24
4700	4525	1016	26
4600	4525	1016	34
4600	4425	1016	96
4700	4425	1016	93
4700	4325	1016	32
4600	4275	1016	71
4500	4175	1016	22
4600	4125	1016	22
4700	4175	1016	39
4775	4275	1016	81
4875	4275	1016	44
4975	4175	1016	91
5175	4175	1016	96
5275	4175	1016	15
5475	4175	1016	93
5575	4275	1016	40
5675	4275	1016	71
5750	4325	1016	85
5750	4425	1016	22
5750	4525	1016	73
5675	4575	1016	97
5575	4575	1016	60
5775	4775	1016	42
5925	4775	1016	18
6075	4725	1016	72
5950	4675	1016	45
5850	4500	1016	98
5850	4400	1016	71
5850	4275	1016	21
5750	4175	1016	56
5850	4125	1016	13
5950	4175	1016	38
6125	4325	1016	2
6275	4325	1016	41
6225	4425	1016	95
6225	4575	1016	93
6225	4675	1016	65
6225	4775	1016	100
6225	4925	1016	87
6350	4925	1016	95
6350	5075	1016	53
6322	5204	1016	35
6325	5325	1016	31
6225	5275	1016	85
6225	5375	1016	69
6075	5375	1016	28
6075	5275	1016	88
6025	5175	1016	39
6000	5025	1016	63
5875	4975	1016	94
5825	5075	1016	18
5850	5175	1016	17
5800	5275	1016	18
5800	5375	1016	13
5700	5175	1016	52
5425	5175	1016	16
5325	5075	1016	7
5375	4975	1016	42
5225	4875	1016	12
5075	4975	1016	71
5125	5075	1016	73
5225	5025	1016	30
5225	5175	1016	98
5025	5175	1016	17
4875	5175	1016	97
4950	5250	1016	11
4950	5350	1016	63
4925	5450	1016	6
5075	5450	1016	81
5225	5450	1016	45
5375	5450	1016	92
5475	5450	1016	3
5575	5450	1016	56
5425	6025	1016	9
5425	6125	1016	34
5575	6125	1016	30
5725	6025	1016	86
5925	6050	1016	73
6124	5908	1016	90
6300	5975	1016	58
6300	6375	1016	95
6300	6575	1016	50
6075	6575	1016	34
5925	6450	1016	50
5875	6675	1016	63
5975	6775	1016	5
5875	6875	1016	41
6075	6975	1016	96
6275	6975	1016	93
6225	7075	1016	96
6300	7150	1016	67
6025	7150	1016	31
5875	7150	1016	47
5775	7325	1016	89
5825	7425	1016	79
5975	7425	1016	9
6075	7475	1016	94
5975	7575	1016	51
6075	7625	1016	75
6075	7725	1016	65
5925	7725	1016	7
5925	7825	1016	97
6075	7825	1016	91
6225	7875	1016	89
6325	7925	1016	45
6325	8075	1016	88
6225	8075	1016	34
6175	8175	1016	97
6325	8225	1016	42
6325	8375	1016	81
6175	8325	1016	12
6075	8325	1016	18
5975	8225	1016	69
5875	8225	1016	45
5825	7975	1016	1
5675	7825	1016	53
5725	7600	1016	80
5625	7575	1016	43
5675	7425	1016	2
5575	7425	1016	43
5425	7425	1016	93
5425	7575	1016	87
5350	7750	1016	40
5200	7750	1016	79
5325	7875	1016	17
5475	7825	1016	34
5425	7925	1016	54
5525	7975	1016	27
5625	7975	1016	13
5625	8075	1016	76
5525	8125	1016	27
5425	8075	1016	24
5325	8025	1016	89
5325	8125	1016	61
5150	8225	1016	69
5050	8225	1016	17
5125	8125	1016	6
5175	7975	1016	21
5025	7975	1016	64
4900	7875	1016	11
4900	7775	1016	47
4725	7825	1016	73
4525	7725	1016	6
4375	7725	1016	10
4325	7625	1016	51
4475	7625	1016	5
4525	7475	1016	30
4625	7575	1016	88
4725	7475	1016	33
4925	7525	1016	78
4875	7425	1016	74
4825	7275	1016	35
4725	7075	1016	27
4525	7075	1016	100
4625	6975	1016	4
4775	6775	1016	16
4625	6775	1016	90
4475	6825	1016	24
4475	6675	1016	24
4625	6425	1016	67
4525	6200	1016	80
4625	6025	1016	55
4525	6000	1016	78
4125	6375	1016	5
4125	6525	1016	33
4275	6525	1016	2
4275	6675	1016	76
4125	6675	1016	69
4125	6875	1016	35
4125	7075	1016	18
4126	7259	1016	38
4125	7260	1016	72
4126	7409	1016	100
4125	7410	1016	20
4125	7560	1016	71
4126	7560	1016	61
4125	7710	1016	98
4125	7711	1016	49
4225	7825	1016	39
4125	7875	1016	41
4125	7975	1016	3
4125	8075	1016	64
4125	8175	1016	71
4125	8275	1016	6
4125	8375	1016	64
4125	8475	1016	62
4175	8825	1016	78
4375	8825	1016	88
4478	8820	1016	11
4747	8703	1016	40
4775	8825	1016	47
4925	8725	1016	55
4975	8825	1016	15
5075	8725	1016	68
5000	8575	1016	49
5150	8375	1016	49
5150	8475	1016	82
5150	8625	1016	40
5375	8775	1016	30
5475	8775	1016	100
5575	8775	1016	73
5675	8775	1016	9
5825	8775	1016	88
5775	8625	1016	1
5775	8525	1016	79
5875	8575	1016	32
6075	8475	1016	99
6175	8425	1016	67
6250	8575	1016	38
6350	8675	1016	51
6250	8775	1016	71
6225	9325	1016	64
6225	9425	1016	12
6225	9525	1016	85
6225	9725	1016	29
6225	9825	1016	89
6275	10075	1016	28
6025	10075	1016	38
5748	10075	1016	65
5475	10075	1016	7
5337	9801	1016	51
5335	9702	1016	97
5335	9601	1016	57
5336	9502	1016	42
5336	9399	1016	57
5336	9298	1016	21
5075	9325	1016	93
5075	9425	1016	87
5075	9525	1016	36
5075	9725	1016	6
5075	9825	1016	19
4975	10075	1016	41
4700	10075	1016	99
4425	10075	1016	13
4275	10125	1016	73
4190	9806	1016	91
4189	9706	1016	50
4189	9606	1016	49
4190	9505	1016	24
4190	9406	1016	65
4189	9306	1016	56
3675	9325	1016	99
3675	9425	1016	75
3675	9525	1016	25
3675	9725	1016	56
3675	9825	1016	52
3725	10075	1016	17
3475	10075	1016	23
3198	10075	1016	68
2925	10075	1016	39
2787	9801	1016	33
2785	9702	1016	18
2785	9601	1016	11
2786	9502	1016	23
2786	9399	1016	40
2786	9298	1016	59
2525	9325	1016	28
2525	9425	1016	47
2525	9525	1016	8
2525	9725	1016	87
2525	9825	1016	20
2425	10075	1016	41
2150	10075	1016	9
2450	10475	1016	64
2900	10475	1016	72
2900	10875	1016	58
2900	11075	1016	86
3275	11025	1016	100
3275	11125	1016	17
3375	11125	1016	14
3475	11075	1016	3
3475	10975	1016	99
3650	10975	1016	66
3750	10775	1016	49
3750	10625	1016	19
3750	10475	1016	14
3750	10375	1016	51
3725	10275	1016	79
4150	10425	1016	79
4150	10525	1016	61
4150	10625	1016	38
4150	10725	1016	19
4150	10850	1016	36
4175	11050	1016	49
4325	11025	1016	71
4450	11025	1016	46
4525	11125	1016	42
4625	11025	1016	97
4625	11125	1016	98
4600	11275	1016	47
4700	11325	1016	85
4600	11425	1016	20
4500	11325	1016	73
4275	11425	1016	41
4175	11425	1016	49
4225	11525	1016	41
4300	11600	1016	95
4300	11700	1016	41
4225	11650	1016	13
4115	11710	1016	93
4115	11860	1016	83
4275	11925	1016	84
4115	12010	1016	54
4115	12160	1016	12
4115	12310	1016	45
4115	12460	1016	58
4115	12610	1016	13
4115	12760	1016	52
4375	12825	1016	39
4375	12675	1016	89
4375	12575	1016	47
4375	12425	1016	95
4375	12175	1016	87
4475	12225	1016	30
4625	12225	1016	100
4575	12125	1016	19
4475	12075	1016	34
4425	11925	1016	82
4500	11825	1016	14
4525	11925	1016	40
4675	11925	1016	70
4875	11750	1016	38
4775	11750	1016	89
4700	11675	1016	76
4600	11675	1016	22
4600	11575	1016	33
4700	11575	1016	79
4700	11475	1016	15
4775	11425	1016	27
4875	11425	1016	40
4975	11325	1016	60
5175	11325	1016	83
5275	11325	1016	86
5000	11075	1016	81
5000	10875	1016	95
5000	10475	1016	58
5450	10475	1016	55
5450	10875	1016	94
5450	11075	1016	79
5475	11325	1016	38
5575	11425	1016	20
5675	11425	1016	57
5750	11475	1016	41
5750	11575	1016	87
5850	11550	1016	53
5850	11650	1016	88
5750	11675	1016	67
5675	11725	1016	39
5575	11725	1016	78
5775	11925	1016	36
5925	11925	1016	22
5950	11825	1016	75
6075	11875	1016	86
6225	11725	1016	68
6225	11825	1016	22
6225	11925	1016	82
6225	12075	1016	23
6350	12075	1016	25
6350	12225	1016	85
6322	12354	1016	90
6325	12475	1016	97
6225	12425	1016	37
6225	12525	1016	36
6075	12525	1016	77
6075	12425	1016	33
6025	12325	1016	70
6000	12175	1016	30
5875	12125	1016	70
5825	12225	1016	70
5850	12325	1016	40
5800	12425	1016	21
5800	12525	1016	2
5700	12325	1016	18
5425	12325	1016	27
5325	12225	1016	27
5375	12125	1016	74
5225	12025	1016	10
5075	12125	1016	23
5125	12225	1016	22
5225	12175	1016	91
5225	12325	1016	26
5025	12325	1016	85
4875	12325	1016	26
4950	12400	1016	69
4950	12500	1016	82
4925	12600	1016	73
5075	12600	1016	66
5225	12600	1016	2
5375	12600	1016	15
5475	12600	1016	3
5575	12600	1016	91
5425	13175	1016	58
5425	13275	1016	37
5575	13275	1016	67
5725	13175	1016	31
5925	13200	1016	58
6124	13058	1016	77
6300	13125	1016	80
6300	13525	1016	62
6300	13725	1016	71
6075	13725	1016	24
5925	13600	1016	74
5875	13825	1016	29
5975	13925	1016	37
5875	14025	1016	35
6075	14125	1016	96
6275	14125	1016	83
6225	14225	1016	24
6300	14300	1016	17
6025	14300	1016	64
5875	14300	1016	89
5775	14475	1016	57
5825	14575	1016	10
5725	14750	1016	72
5625	14725	1016	30
5675	14575	1016	87
5575	14575	1016	82
5425	14575	1016	76
5425	14725	1016	38
5350	14900	1016	1
5200	14900	1016	98
5325	15025	1016	75
5325	15175	1016	55
5325	15275	1016	19
5425	15225	1016	15
5525	15275	1016	23
5625	15225	1016	52
5625	15125	1016	60
5525	15125	1016	90
5425	15075	1016	56
5475	14975	1016	38
5675	14975	1016	57
5825	15125	1016	49
5925	14975	1016	25
5925	14875	1016	82
5975	14725	1016	59
5975	14575	1016	100
6075	14625	1016	97
6075	14775	1016	71
6075	14875	1016	83
6075	14975	1016	43
6225	15025	1016	9
6325	15075	1016	95
6325	15225	1016	75
6225	15225	1016	6
6175	15325	1016	20
6325	15375	1016	1
6325	15525	1016	72
6250	15725	1016	57
6350	15825	1016	39
6250	15925	1016	27
6075	15625	1016	64
6175	15575	1016	96
6175	15475	1016	80
6075	15475	1016	46
5975	15375	1016	31
5875	15375	1016	52
5775	15675	1016	33
5875	15725	1016	75
5775	15775	1016	43
5825	15925	1016	66
5675	15925	1016	23
5575	15925	1016	99
5475	15925	1016	16
5375	15925	1016	93
5150	15775	1016	71
5075	15875	1016	41
4975	15975	1016	23
4775	15975	1016	45
4747	15853	1016	34
4925	15875	1016	79
5000	15725	1016	48
5150	15625	1016	38
5150	15525	1016	22
5150	15375	1016	6
5050	15375	1016	85
5125	15275	1016	70
5175	15125	1016	71
5025	15125	1016	50
4900	15025	1016	53
4900	14925	1016	61
4725	14975	1016	40
4525	14875	1016	43
4375	14875	1016	30
4325	14775	1016	70
4475	14775	1016	60
4525	14625	1016	23
4625	14725	1016	31
4725	14625	1016	34
4925	14675	1016	87
4875	14575	1016	93
4825	14425	1016	39
4725	14225	1016	34
4525	14225	1016	90
4625	14125	1016	90
4775	13925	1016	89
4625	13925	1016	42
4475	13975	1016	25
4475	13825	1016	80
4625	13575	1016	12
4525	13350	1016	77
4625	13175	1016	15
4525	13150	1016	51
4125	13525	1016	96
4125	13675	1016	33
4275	13675	1016	78
4275	13825	1016	68
4125	13825	1016	26
4125	14025	1016	13
4125	14225	1016	77
4126	14409	1016	93
4125	14410	1016	73
4126	14559	1016	88
4125	14560	1016	72
4125	14710	1016	54
4126	14710	1016	62
4125	14860	1016	69
4125	14861	1016	6
4225	14975	1016	89
4125	15025	1016	41
4125	15125	1016	47
4125	15225	1016	31
4125	15325	1016	9
4125	15425	1016	40
4125	15525	1016	97
4125	15625	1016	44
4478	15970	1016	8
4375	15975	1016	21
4175	15975	1016	69
3800	15825	1016	84
3700	15925	1016	73
3700	15725	1016	41
3625	15575	1016	42
3525	15625	1016	17
3325	15725	1016	27
3225	15675	1016	12
3225	15775	1016	54
3275	15925	1016	83
3125	15925	1016	66
3025	15925	1016	40
2925	15925	1016	43
2825	15925	1016	46
2600	15775	1016	10
2600	15625	1016	5
2600	15525	1016	47
2450	15725	1016	47
2525	15875	1016	57
2425	15975	1016	67
2375	15875	1016	37
2225	15975	1016	20
2197	15853	1016	5
1928	15970	1016	25
1825	15975	1016	63
1625	15975	1016	64
1575	15625	1016	2
1575	15525	1016	53
1575	15425	1016	3
1575	15325	1016	65
1575	15225	1016	5
1575	15125	1016	61
1575	15025	1016	14
1675	14975	1016	61
1575	14861	1016	21
1575	14860	1016	77
1575	14710	1016	83
1576	14710	1016	9
1575	14560	1016	17
1576	14559	1016	75
1575	14410	1016	19
1576	14409	1016	29
1575	14225	1016	75
1575	14025	1016	41
1575	13825	1016	78
1725	13825	1016	59
1725	13675	1016	20
1575	13675	1016	41
1575	13525	1016	24
1975	13150	1016	84
2075	13175	1016	78
1975	13350	1016	20
2075	13575	1016	95
1925	13825	1016	4
1925	13975	1016	8
2075	13925	1016	27
2225	13925	1016	74
2075	14125	1016	61
1975	14225	1016	2
2175	14225	1016	4
2275	14425	1016	49
2325	14575	1016	50
2375	14675	1016	27
2175	14625	1016	32
2075	14725	1016	49
1975	14625	1016	67
1925	14775	1016	27
1775	14775	1016	89
1825	14875	1016	75
1975	14875	1016	92
2175	14975	1016	63
2350	14925	1016	49
2350	15025	1016	2
2475	15125	1016	36
2625	15125	1016	34
2575	15275	1016	17
2500	15375	1016	93
2600	15375	1016	73
2775	15275	1016	39
2775	15175	1016	95
2875	15225	1016	69
2975	15275	1016	31
3075	15225	1016	3
3075	15125	1016	5
2975	15125	1016	29
2925	14975	1016	92
2875	15075	1016	84
2775	15025	1016	36
2650	14900	1016	70
2800	14900	1016	73
2875	14725	1016	45
2875	14575	1016	93
3025	14575	1016	21
3125	14575	1016	17
3075	14725	1016	55
3175	14750	1016	66
3125	14975	1016	69
3275	15125	1016	39
3325	15375	1016	84
3425	15375	1016	61
3525	15475	1016	27
3625	15475	1016	64
3775	15525	1016	36
3775	15375	1016	82
3625	15325	1016	47
3675	15225	1016	64
3775	15225	1016	99
3775	15075	1016	60
3675	15025	1016	50
3525	14975	1016	40
3375	14975	1016	63
3375	14875	1016	45
3525	14875	1016	45
3525	14775	1016	69
3425	14725	1016	82
3525	14625	1016	68
3425	14575	1016	70
3275	14575	1016	22
3225	14475	1016	5
3325	14300	1016	18
3475	14300	1016	45
3750	14300	1016	33
3675	14225	1016	76
3725	14125	1016	27
3525	14125	1016	47
3325	14025	1016	84
3425	13925	1016	49
3325	13825	1016	98
3375	13600	1016	50
3525	13725	1016	88
3750	13725	1016	60
3750	13525	1016	62
3750	13125	1016	51
3574	13058	1016	6
3375	13200	1016	83
3175	13175	1016	94
3025	13275	1016	8
2875	13275	1016	16
2875	13175	1016	98
3025	12600	1016	87
2925	12600	1016	36
2825	12600	1016	64
2675	12600	1016	80
2525	12600	1016	35
2375	12600	1016	49
2400	12500	1016	90
2400	12400	1016	66
2325	12325	1016	42
2475	12325	1016	59
2575	12225	1016	15
2525	12125	1016	17
2675	12025	1016	42
2825	12125	1016	36
2775	12225	1016	39
2675	12175	1016	97
2675	12325	1016	89
2875	12325	1016	51
3150	12325	1016	62
3250	12525	1016	88
3250	12425	1016	80
3300	12325	1016	78
3275	12225	1016	32
3325	12125	1016	36
3450	12175	1016	67
3475	12325	1016	81
3525	12425	1016	19
3525	12525	1016	61
3675	12525	1016	81
3675	12425	1016	99
3775	12475	1016	23
3772	12354	1016	63
3800	12225	1016	45
3800	12075	1016	16
3675	12075	1016	64
3675	11925	1016	15
3675	11825	1016	4
3675	11725	1016	29
3675	11575	1016	17
3725	11475	1016	48
3575	11475	1016	82
3400	11325	1016	89
3300	11275	1016	93
3200	11325	1016	59
3300	11425	1016	94
3300	11550	1016	74
3300	11650	1016	14
3400	11825	1016	49
3525	11875	1016	93
3375	11925	1016	87
3225	11925	1016	41
3025	11725	1016	96
3125	11725	1016	26
3200	11675	1016	58
3200	11575	1016	82
3200	11475	1016	28
3125	11425	1016	19
3025	11425	1016	18
2925	11325	1016	93
2725	11325	1016	76
2625	11325	1016	90
2450	10875	1016	47
2450	11075	1016	7
2425	11325	1016	32
2325	11425	1016	94
2225	11425	1016	12
2150	11475	1016	30
2150	11575	1016	8
2050	11575	1016	86
2050	11675	1016	71
2150	11675	1016	64
2225	11750	1016	43
2325	11750	1016	19
2125	11925	1016	75
1975	11925	1016	57
1950	11825	1016	58
1875	11925	1016	66
1925	12075	1016	22
2025	12125	1016	3
2075	12225	1016	51
1925	12225	1016	24
1825	12175	1016	19
1825	12425	1016	45
1825	12575	1016	9
1825	12675	1016	90
1825	12825	1016	16
1565	12760	1016	13
1565	12610	1016	58
1565	12460	1016	61
1565	12310	1016	87
1565	12160	1016	53
1565	12010	1016	21
1725	11925	1016	99
1565	11860	1016	48
1565	11710	1016	70
1675	11650	1016	90
1750	11700	1016	25
1750	11600	1016	99
1675	11525	1016	51
1625	11425	1016	82
1725	11425	1016	45
1950	11325	1016	19
2050	11425	1016	7
2150	11325	1016	9
2050	11275	1016	26
2075	11125	1016	37
2075	11025	1016	95
1975	11125	1016	67
1900	11025	1016	92
1775	11025	1016	36
1625	11050	1016	69
1600	10850	1016	5
1600	10725	1016	29
1600	10625	1016	32
1600	10525	1016	9
1600	10425	1016	25
1725	10125	1016	44
1875	10075	1016	10
1640	9806	1016	73
1639	9706	1016	17
1639	9606	1016	68
1640	9505	1016	69
1640	9406	1016	62
1639	9306	1016	73
1928	8820	1016	94
1825	8825	1016	16
1625	8825	1016	73
1575	8475	1016	30
1575	8375	1016	22
1575	8275	1016	9
1575	8175	1016	75
1575	8075	1016	9
1575	7975	1016	42
1575	7875	1016	43
1675	7825	1016	33
1575	7711	1016	84
1575	7710	1016	11
1576	7560	1016	94
1575	7560	1016	69
1575	7410	1016	8
1576	7409	1016	59
1575	7260	1016	73
1576	7259	1016	77
1575	7075	1016	93
1575	6875	1016	85
1575	6675	1016	3
1725	6675	1016	95
1725	6525	1016	81
1575	6525	1016	94
1575	6375	1016	43
1975	6000	1016	17
2075	6025	1016	4
1975	6200	1016	93
2075	6425	1016	2
1925	6675	1016	68
1925	6825	1016	22
2075	6775	1016	67
2225	6775	1016	63
2075	6975	1016	54
1975	7075	1016	93
2175	7075	1016	94
2275	7275	1016	87
2325	7425	1016	4
2375	7525	1016	51
2175	7475	1016	89
2075	7575	1016	2
1975	7475	1016	49
1925	7625	1016	57
1775	7625	1016	66
1825	7725	1016	7
1975	7725	1016	8
2175	7825	1016	41
2350	7775	1016	19
2350	7875	1016	26
2475	7975	1016	18
2625	7975	1016	41
2575	8125	1016	77
2500	8225	1016	85
2600	8225	1016	28
2600	8375	1016	94
2600	8475	1016	74
2450	8575	1016	88
2375	8725	1016	22
2197	8703	1016	41
2225	8825	1016	2
2425	8825	1016	78
2525	8725	1016	61
2600	8625	1016	52
2825	8775	1016	85
2925	8775	1016	27
3025	8775	1016	54
3125	8775	1016	98
3275	8775	1016	83
3225	8625	1016	4
3325	8575	1016	90
3225	8525	1016	43
3325	8225	1016	90
3425	8225	1016	84
3525	8325	1016	99
3625	8325	1016	13
3625	8425	1016	18
3525	8475	1016	68
3700	8775	1016	92
3800	8675	1016	6
3700	8575	1016	46
3775	8375	1016	93
3775	8225	1016	25
3625	8175	1016	19
3675	8075	1016	75
3775	8075	1016	81
3775	7925	1016	78
3675	7875	1016	37
3525	7825	1016	50
3525	7725	1016	96
3525	7625	1016	75
3525	7475	1016	53
3425	7425	1016	5
3425	7575	1016	28
3375	7725	1016	4
3375	7825	1016	97
3275	7975	1016	55
3125	7825	1016	22
2925	7825	1016	26
2875	7925	1016	50
2975	7975	1016	68
3075	7975	1016	94
3075	8075	1016	31
2975	8125	1016	67
2875	8075	1016	56
2775	8125	1016	15
2775	8025	1016	90
2775	7875	1016	31
2650	7750	1016	85
2800	7750	1016	92
2875	7575	1016	82
2875	7425	1016	30
3025	7425	1016	17
3125	7425	1016	94
3075	7575	1016	14
3175	7600	1016	39
3275	7425	1016	8
3225	7325	1016	60
3325	7150	1016	16
3475	7150	1016	59
3750	7150	1016	31
3675	7075	1016	6
3725	6975	1016	87
3525	6975	1016	38
3325	6875	1016	80
3425	6775	1016	84
3325	6675	1016	9
3375	6450	1016	36
3525	6575	1016	13
3750	6575	1016	52
3750	6375	1016	63
3750	5975	1016	77
3574	5908	1016	51
3375	6050	1016	13
3175	6025	1016	82
3025	6125	1016	68
2875	6125	1016	24
2875	6025	1016	78
3025	5450	1016	42
2925	5450	1016	29
2825	5450	1016	48
2675	5450	1016	13
2525	5450	1016	69
2375	5450	1016	48
2400	5350	1016	96
2400	5250	1016	65
2325	5175	1016	47
2475	5175	1016	97
2575	5075	1016	69
2525	4975	1016	77
2675	4875	1016	41
2825	4975	1016	35
2775	5075	1016	5
2675	5025	1016	18
2675	5175	1016	41
2875	5175	1016	86
3150	5175	1016	73
3250	5375	1016	56
3250	5275	1016	96
3300	5175	1016	89
3275	5075	1016	57
3325	4975	1016	24
3450	5025	1016	77
3475	5175	1016	83
3525	5275	1016	39
3525	5375	1016	41
3675	5375	1016	43
3675	5275	1016	80
3775	5325	1016	74
3772	5204	1016	16
3800	5075	1016	52
3800	4925	1016	10
3675	4925	1016	6
3675	4775	1016	98
3675	4675	1016	77
3675	4575	1016	70
3525	4725	1016	77
3400	4675	1016	8
3375	4775	1016	3
3225	4775	1016	35
3025	4575	1016	34
3125	4575	1016	54
3200	4525	1016	50
3300	4500	1016	97
3300	4400	1016	18
3200	4425	1016	61
3200	4325	1016	88
3125	4275	1016	91
3025	4275	1016	76
2925	4175	1016	69
2900	3925	1016	18
2900	3725	1016	57
2900	3325	1016	69
2450	3325	1016	32
2450	3725	1016	92
2450	3925	1016	51
2725	4175	1016	46
2625	4175	1016	85
2425	4175	1016	66
2325	4275	1016	29
2225	4275	1016	49
2150	4325	1016	84
2150	4425	1016	99
2050	4425	1016	44
2050	4525	1016	4
2150	4525	1016	11
2225	4600	1016	27
2325	4600	1016	4
2125	4775	1016	48
1975	4775	1016	36
1950	4675	1016	76
1875	4775	1016	93
1925	4925	1016	80
2025	4975	1016	55
2075	5075	1016	16
1925	5075	1016	51
1825	5025	1016	59
1825	5275	1016	43
1825	5425	1016	26
1825	5525	1016	38
1825	5675	1016	56
1565	5610	1016	89
1565	5460	1016	95
1565	5310	1016	85
1565	5160	1016	6
1565	5010	1016	83
1565	4860	1016	35
1725	4775	1016	97
1565	4710	1016	37
1565	4560	1016	37
1675	4500	1016	91
1750	4550	1016	24
1750	4450	1016	34
1675	4375	1016	73
1625	4275	1016	10
1725	4275	1016	90
1950	4175	1016	48
2050	4275	1016	29
2150	4175	1016	83
2050	4125	1016	12
2075	3975	1016	13
2075	3875	1016	15
1975	3975	1016	27
1900	3875	1016	3
1775	3875	1016	18
1625	3900	1016	48
1600	3700	1016	34
1600	3575	1016	80
1600	3475	1016	7
1600	3375	1016	68
1600	3275	1016	67
1725	2975	1016	94
1640	2656	1016	96
1639	2556	1016	64
1639	2456	1016	46
1640	2355	1016	88
1640	2256	1016	94
