1304	300		
15440	8888	272	80
15440	9328	272	73
15440	9768	272	2
15440	11264	272	29
15440	13288	272	30
15440	14058	272	36
15536	8228	272	77
15616	8228	272	20
15824	8228	272	23
16048	8228	272	68
16176	8228	272	56
16384	8228	272	29
16512	8228	272	57
16624	8228	272	84
16704	8228	272	98
16784	8228	272	56
16880	8228	272	45
17024	8228	272	76
17312	8228	272	28
17440	8228	272	7
17600	8228	272	38
17872	8228	272	18
17936	4400	272	6
6320	10626	272	96
6320	12012	272	25
6432	9680	272	34
6480	4180	272	15
6480	4796	272	49
6480	5544	272	33
6480	6732	272	77
1232	5918	272	7
1232	7304	272	55
1232	12012	272	87
1232	14432	272	9
1456	5588	272	96
1520	4730	272	36
4272	11154	272	18
4272	11858	272	53
4304	10296	272	49
4416	10296	272	42
4496	10296	272	78
4528	5544	272	81
4528	7040	272	50
4592	10296	272	8
4704	10296	272	44
4784	10296	272	37
4880	10296	272	88
4944	10296	272	2
5120	10296	272	41
5200	10296	272	92
5360	10296	272	48
5504	10296	272	54
5616	10296	272	73
5648	7942	272	90
5648	9020	272	92
5680	6952	272	39
5808	6952	272	94
5952	6952	272	53
6096	6952	272	77
6160	6952	272	12
6240	6952	272	65
5648	14322	272	17
6288	4180	272	40
6288	4796	272	9
6288	5544	272	89
6288	8052	272	53
6688	9020	272	97
6800	9020	272	13
6912	9020	272	24
7072	9020	272	64
7120	5280	272	73
7120	6732	272	15
7120	7172	272	40
7120	7942	272	37
18432	4422	272	93
18720	4422	272	43
18912	4422	272	57
19040	4422	272	74
14128	5610	272	63
14128	7480	272	7
14128	8888	272	33
14128	9328	272	55
14320	9548	272	63
14464	9548	272	90
14608	9548	272	38
14672	9548	272	100
14736	9548	272	41
14800	9548	272	100
14896	9548	272	20
15024	9548	272	37
15280	9768	272	88
15280	11264	272	82
15280	13288	272	43
15280	14058	272	75
3504	9240	272	53
3504	10142	272	18
3504	12012	272	9
3648	9020	272	84
3760	9020	272	70
3872	9020	272	88
4096	9020	272	2
4304	9020	272	77
4784	9020	272	5
4880	9020	272	15
4960	9020	272	97
5136	9020	272	44
5216	9020	272	81
5344	9020	272	97
5776	9020	272	25
5808	4488	272	92
5808	5544	272	21
5808	8052	272	40
784	4400	272	55
784	5500	272	29
816	6776	272	40
912	6776	272	33
1056	7524	272	82
1104	12012	272	71
1104	14432	272	10
9104	10472	272	2
9104	11704	272	32
9104	12540	272	5
9104	13508	272	7
9104	14058	272	64
9216	9548	272	76
9296	9548	272	8
9456	9548	272	68
9568	9548	272	44
9664	9548	272	50
9776	9548	272	37
9840	9548	272	91
9904	9548	272	33
10080	9548	272	53
10336	9548	272	38
10448	9548	272	99
10544	9548	272	26
10640	9548	272	46
10768	9548	272	72
10864	9548	272	100
10960	9548	272	17
11088	9548	272	65
11168	9548	272	66
11344	9548	272	84
11568	9548	272	12
11696	9548	272	6
11792	9548	272	44
11824	5324	272	25
11824	6512	272	39
11824	7172	272	48
11824	7612	272	11
11824	8492	272	13
10768	11484	272	37
10768	12540	272	55
10768	13068	272	8
10768	13970	272	62
11024	8932	272	55
11088	8932	272	91
11184	8932	272	13
11280	8932	272	6
11584	8932	272	95
11760	5324	272	26
11760	6512	272	4
11760	7172	272	9
11760	7612	272	44
11760	8382	272	90
10064	11704	272	70
10064	12540	272	75
10064	13068	272	55
10064	13508	272	97
10064	14190	272	22
10128	11484	272	81
10192	11484	272	91
10336	11484	272	9
10448	11484	272	17
10640	11484	272	18
10864	11484	272	96
10960	11484	272	25
11024	11484	272	19
11088	5324	272	76
11088	6842	272	34
9072	8976	272	80
10480	8492	272	30
10544	8492	272	42
10640	8492	272	28
10736	8492	272	98
11216	8492	272	76
11280	8492	272	4
11408	8492	272	38
11536	8492	272	12
11936	8492	272	94
12064	8492	272	87
12112	5104	272	18
12112	5764	272	91
12112	6512	272	55
12112	7172	272	30
12112	7612	272	70
8688	11594	272	80
8688	12540	272	58
8688	13508	272	62
8688	14058	272	99
8720	10956	272	60
8800	10956	272	78
8944	10956	272	20
9488	10956	272	78
9712	10956	272	22
9904	10956	272	57
9968	10956	272	14
10112	10956	272	21
10192	10956	272	80
10544	10956	272	95
10640	10956	272	94
11600	10956	272	5
11728	10956	272	26
11968	10956	272	21
12048	9284	272	95
12048	10362	272	45
12192	10736	272	73
12288	10736	272	37
12368	10736	272	31
12400	4796	272	74
12400	5874	272	87
12400	6512	272	73
12400	7172	272	6
12400	7612	272	44
12400	8272	272	11
8528	10362	272	50
8528	11594	272	37
8528	12540	272	29
8528	13508	272	35
8528	14058	272	29
8560	9988	272	84
8720	9988	272	58
8800	9988	272	19
12336	4796	272	18
12336	6512	272	32
12336	7172	272	14
12336	7612	272	10
12336	8272	272	39
8464	10516	272	42
8464	11594	272	76
8464	12540	272	61
8560	5170	272	36
8560	6732	272	58
8560	7282	272	69
8560	7832	272	50
8560	8866	272	72
7216	9350	272	5
7216	9988	272	36
7216	10516	272	34
7216	11374	272	41
7216	12430	272	92
7216	14432	272	25
7408	8932	272	85
7504	8932	272	82
7568	8932	272	75
7664	8932	272	65
7728	8932	272	29
7760	4906	272	22
7760	5544	272	60
7760	6732	272	15
7760	7172	272	95
7760	7722	272	88
12560	10516	272	49
12560	11264	272	53
12560	11814	272	54
12560	13288	272	31
12560	14058	272	12
12640	9768	272	56
12752	9768	272	33
12848	9768	272	16
13056	9768	272	19
13152	9768	272	96
13232	9768	272	97
13328	9768	272	50
13392	9768	272	76
13584	9768	272	91
13696	9768	272	15
13808	9768	272	53
14032	9768	272	98
13680	8888	272	95
13680	9328	272	51
13680	10516	272	80
13680	11264	272	68
13680	11814	272	83
13680	13288	272	73
13680	14058	272	12
13712	7480	272	77
13808	7480	272	98
14064	7480	272	30
14320	7480	272	16
14448	7480	272	45
14512	7480	272	8
14608	7480	272	39
14672	7480	272	89
14736	7480	272	99
14800	7480	272	39
14896	7480	272	46
15024	7480	272	91
15408	7480	272	32
15536	7480	272	90
15616	7480	272	7
15824	7480	272	27
16048	7480	272	78
16176	7480	272	15
16384	7480	272	28
16512	7480	272	41
16672	7480	272	64
16768	7480	272	16
17072	7480	272	50
17168	7480	272	55
17312	7480	272	67
17440	7480	272	57
17536	7480	272	1
18128	7480	272	20
17712	10626	272	24
17712	14058	272	25
17968	8448	272	42
18112	8448	272	26
12784	10406	272	50
12784	11264	272	89
12784	11814	272	51
12784	13288	272	23
12784	14058	272	25
14192	9988	272	94
14896	4906	272	61
14896	5874	272	84
14896	8888	272	67
13712	5390	272	14
4208	4290	272	38
4208	7040	272	88
4208	8052	272	14
4592	11264	272	4
4704	11264	272	27
4784	11264	272	56
5792	11264	272	55
5968	11264	272	39
6080	11264	272	44
6224	11264	272	11
6528	11264	272	51
6608	11264	272	93
6800	11264	272	17
6912	11264	272	18
6992	11264	272	2
7056	11264	272	20
7136	11264	272	20
7376	11264	272	1
7440	11264	272	47
7568	11264	272	65
7712	11264	272	92
7792	11264	272	52
7856	11264	272	18
7920	11264	272	72
8000	11264	272	57
8112	11264	272	63
8272	11264	272	100
8368	11264	272	15
8400	12540	272	22
8400	14058	272	69
10480	4796	272	55
10544	5104	272	22
10640	5104	272	49
10752	5104	272	74
10832	5104	272	5
10912	5104	272	84
11008	5104	272	18
11200	5104	272	80
11280	5104	272	69
11408	5104	272	54
12304	11814	272	32
12304	13288	272	4
12304	14058	272	4
12656	4906	272	2
12656	5874	272	37
12656	7172	272	20
12656	7612	272	22
12656	8272	272	70
12656	8888	272	86
14864	11264	272	22
14864	13288	272	88
14864	14058	272	56
15024	4906	272	64
15024	5874	272	54
15024	8888	272	56
4592	7612	272	88
4656	7612	272	44
4768	7612	272	70
4880	7612	272	30
4976	7612	272	22
5056	7612	272	33
5488	7612	272	62
5952	7612	272	16
6096	7612	272	95
6160	7612	272	16
6560	7612	272	59
7664	7612	272	29
7792	9350	272	70
7792	9988	272	90
7792	10516	272	16
7792	12430	272	71
7792	14168	272	46
16496	4906	272	74
16496	9922	272	80
16624	10736	272	57
16704	10736	272	100
16784	10736	272	29
16880	10736	272	59
16944	10736	272	80
17008	10736	272	16
17104	10736	272	28
17296	10736	272	62
17424	10736	272	72
17616	10736	272	24
17952	10736	272	13
18080	10736	272	47
18208	10736	272	97
18368	10736	272	4
18416	11176	272	6
18416	14168	272	14
1264	4620	272	53
16400	4906	272	99
17904	14058	272	38
3984	4180	272	38
3984	7150	272	10
3984	10076	272	51
8272	12540	272	83
8272	14058	272	2
16336	10296	272	88
16336	11264	272	87
16336	13288	272	39
16976	5126	272	39
1008	4840	272	10
5808	9768	272	96
5808	12320	272	72
5808	14322	272	60
5936	4488	272	97
5936	5544	272	38
4432	11858	272	27
4656	4180	272	26
4656	5544	272	82
4656	7040	272	82
4656	8162	272	31
16848	13288	272	48
17296	11484	272	58
17424	11484	272	19
18208	11484	272	61
18384	7700	272	2
18384	8668	272	90
8240	10516	272	70
8400	9460	272	20
8432	5170	272	76
8432	6732	272	12
8432	7282	272	43
8432	7832	272	85
1584	12012	272	34
1584	13992	272	32
1584	14432	272	24
1616	6556	272	2
1680	5214	272	80
2576	4290	272	27
2576	5170	272	38
2672	9768	272	3
2672	10296	272	77
2672	12012	272	99
2672	13772	272	51
2672	14212	272	76
17008	13288	272	40
880	5390	272	47
880	12012	272	6
1104	5060	272	22
5520	12210	272	42
5520	14322	272	65
5680	4796	272	54
5680	5544	272	54
3888	7150	272	24
3888	8052	272	72
16592	13288	272	21
18096	9768	272	31
8016	10516	272	71
8016	12430	272	89
8016	14058	272	73
8144	5170	272	40
8144	6732	272	43
8144	7172	272	70
8144	7832	272	52
8144	8866	272	10
16784	5236	272	57
16784	13288	272	91
17072	5016	272	27
17168	5016	272	28
17312	5016	272	25
17440	5016	272	17
17536	5016	272	37
17664	5016	272	77
17776	5016	272	99
784	12012	272	24
1104	5808	272	99
7728	10516	272	15
7728	12430	272	38
7728	14168	272	67
7920	4906	272	92
7920	5544	272	46
7920	6732	272	36
7920	7172	272	86
7920	7832	272	82
7920	8602	272	26
7920	9350	272	46
5232	12430	272	8
5232	14322	272	30
5520	4796	272	80
5520	5544	272	6
5520	6732	272	82
3856	12012	272	51
4720	11858	272	32
4976	5544	272	31
4976	7040	272	96
4976	8162	272	63
18496	7700	272	48
7376	9878	272	67
7376	10516	272	76
7376	12430	272	26
7376	14300	272	85
7504	4796	272	61
7504	5390	272	60
7504	6732	272	49
7504	7172	272	16
1808	12012	272	51
1808	13882	272	35
1808	14432	272	81
1840	10296	272	84
1920	10296	272	64
1968	5170	272	30
12528	5874	272	93
12528	6512	272	4
12528	7172	272	72
12528	7612	272	41
12528	8272	272	98
12752	8888	272	5
12848	11264	272	5
12848	11814	272	32
12848	13288	272	81
12848	14058	272	18
13056	8888	272	49
13136	8888	272	90
13328	8888	272	37
13392	8888	272	96
13456	8888	272	31
13584	8888	272	64
13808	8888	272	88
14064	8888	272	97
14320	8888	272	55
14448	8888	272	45
14512	8888	272	77
14608	8888	272	20
14672	8888	272	15
14736	8888	272	10
14800	8888	272	29
15536	8888	272	14
15616	8888	272	76
15824	8888	272	53
16048	8888	272	40
16176	8888	272	58
16304	8888	272	86
17088	9988	272	43
17296	9988	272	73
17456	9988	272	57
1680	12012	272	98
1776	6864	272	75
1808	4840	272	36
5936	12320	272	26
5936	14322	272	40
6160	4180	272	91
6160	4796	272	83
6160	5544	272	50
6160	9240	272	34
6160	9988	272	11
18512	8668	272	8
18512	9768	272	69
18512	10428	272	80
10320	5170	272	86
11280	5852	272	68
11408	5852	272	4
11552	5852	272	80
11600	12540	272	58
11600	13068	272	81
11600	13838	272	11
4880	14432	272	75
4944	14432	272	40
5040	14432	272	5
5120	14432	272	92
5392	14432	272	15
6064	14432	272	92
6160	14432	272	24
6224	9988	272	80
6224	12012	272	35
6256	9460	272	20
6384	4180	272	89
6384	4796	272	51
6384	5544	272	61
6384	6732	272	8
6384	7172	272	47
1936	12012	272	43
1936	13882	272	75
1936	14432	272	63
2064	5720	272	89
6672	4796	272	96
6672	5544	272	65
6672	6732	272	32
6896	12540	272	69
6992	12540	272	39
7056	12540	272	50
7136	12540	272	43
7440	12540	272	17
7568	12540	272	32
7856	12540	272	92
7920	12540	272	31
8128	12540	272	76
8800	12540	272	69
8880	12540	272	19
8944	12540	272	7
9216	12540	272	26
9296	12540	272	67
9488	12540	272	26
9552	12540	272	46
9632	12540	272	14
9712	12540	272	92
9776	12540	272	62
9936	12540	272	51
10128	12540	272	82
10192	12540	272	44
10336	12540	272	5
10448	12540	272	10
10544	12540	272	44
10864	12540	272	51
10960	12540	272	15
11024	12540	272	43
11168	12540	272	57
11280	12540	272	37
11376	12540	272	67
11440	12540	272	89
11728	12540	272	72
11808	12540	272	41
11952	12540	272	8
11984	6512	272	14
11984	7172	272	3
11984	7612	272	32
11984	9284	272	59
11984	11704	272	65
12080	12540	272	87
12224	12540	272	92
12464	9438	272	39
8784	11594	272	36
8784	13508	272	70
8784	14058	272	55
8848	9460	272	88
8976	5170	272	74
8976	6732	272	21
8976	7282	272	38
8976	7832	272	86
8976	8976	272	14
3280	4180	272	20
3280	5170	272	48
3280	7040	272	84
3280	7832	272	22
3344	8052	272	77
3408	8052	272	75
3536	8052	272	23
3648	8052	272	48
4400	8052	272	16
4768	8052	272	30
4880	8052	272	85
5040	8052	272	63
7568	10516	272	3
7568	14168	272	46
10544	13068	272	90
10544	13508	272	95
10544	14190	272	7
10640	7612	272	3
7824	4906	272	12
7824	5544	272	40
7824	6732	272	49
7824	7172	272	30
7920	10516	272	98
7920	14058	272	29
10608	14190	272	41
10864	13728	272	60
10960	13728	272	82
11024	13728	272	73
11168	13728	272	34
11280	13728	272	44
11376	13728	272	26
11440	13728	272	65
11776	13728	272	56
11952	13728	272	14
12048	11704	272	43
9520	14432	272	26
9632	14432	272	56
9712	14432	272	47
9776	14432	272	98
9936	14432	272	75
10128	14432	272	27
10192	14432	272	63
10336	14432	272	14
10448	14432	272	92
11440	13068	272	84
11472	7612	272	64
11536	7612	272	93
12592	7612	272	91
12768	7612	272	20
13056	7612	272	90
13136	5016	272	25
13136	5874	272	53
13136	7172	272	36
6000	9240	272	11
6160	11704	272	14
6432	11704	272	29
6512	11704	272	15
8880	11704	272	25
8944	11704	272	30
9216	11704	272	88
9296	11704	272	82
9488	11704	272	19
9552	11704	272	66
9632	11704	272	63
9712	11704	272	7
9776	11704	272	26
9936	11704	272	39
10352	13068	272	28
10352	13508	272	47
10544	7612	272	13
656	4290	272	82
656	14212	272	45
16304	9328	272	23
17648	4400	272	32
6608	14432	272	4
208	4422	272	12
10864	13068	272	54
11024	7172	272	85
11184	7172	272	86
11280	7172	272	73
11376	7172	272	72
12592	7172	272	84
12768	7172	272	82
13056	7172	272	26
13232	7172	272	9
13328	7172	272	89
13392	7172	272	38
13456	7172	272	71
13584	7172	272	51
9520	13508	272	20
9552	13068	272	84
9632	13068	272	86
9712	13068	272	61
9776	13068	272	32
9936	13068	272	99
10128	13068	272	74
10192	13068	272	6
10448	13068	272	23
10960	13068	272	41
11024	13068	272	84
11168	13068	272	72
11280	13068	272	28
11376	13068	272	57
11728	13068	272	36
12096	13068	272	42
12384	11924	272	70
12480	11924	272	43
12720	11924	272	21
13072	11924	272	3
13152	11924	272	75
13232	11924	272	10
13296	11924	272	80
13392	11924	272	8
13584	11924	272	41
13808	4796	272	17
13808	5610	272	95
13808	9328	272	62
13808	10516	272	37
13808	11264	272	23
13808	11704	272	98
3120	4180	272	27
3120	5170	272	6
3120	7040	272	62
3120	7832	272	8
3120	8272	272	73
3184	8492	272	14
3248	8492	272	48
3280	9350	272	80
3280	10076	272	87
3280	10516	272	14
3280	12012	272	8
3280	14212	272	62
11376	6402	272	75
3152	9240	272	96
3152	10098	272	71
3152	12012	272	71
3152	14212	272	67
1392	7304	272	45
1392	12012	272	19
1392	13992	272	51
1392	14432	272	78
1424	6336	272	83
1520	6336	272	98
464	13992	272	16
528	14212	272	53
7664	5390	272	35
7664	6732	272	18
7664	7172	272	31
5360	4796	272	28
5360	5544	272	41
5360	7040	272	5
5360	9658	272	14
5392	12100	272	72
10032	6732	272	59
10192	5170	272	21
10192	6292	272	84
3184	7040	272	40
3344	7040	272	57
3408	7040	272	38
3536	7040	272	43
3648	7040	272	52
3744	7040	272	16
4080	7040	272	9
4592	7040	272	71
4768	7040	272	57
4880	7040	272	79
5056	7040	272	82
5136	7040	272	75
5216	7040	272	37
9936	13508	272	56
10096	5170	272	31
1328	12012	272	95
1504	12012	272	76
2144	12012	272	49
2224	12012	272	19
2384	12012	272	70
2480	12012	272	28
2544	12012	272	67
2816	12012	272	81
2976	12012	272	80
3088	12012	272	95
3360	12012	272	52
3440	12012	272	66
3664	12012	272	51
3744	12012	272	71
4016	12012	272	4
4592	12012	272	80
4784	12012	272	80
4880	12012	272	82
6992	10516	272	89
7056	14432	272	43
7136	14432	272	16
7312	14432	272	57
9232	13508	272	70
9232	14058	272	8
9296	8052	272	8
9328	5170	272	57
9328	6732	272	30
4880	5544	272	95
4048	4180	272	44
8304	10516	272	94
9776	13508	272	60
12592	8272	272	15
12752	8272	272	68
12784	4906	272	86
12784	5874	272	47
7056	10516	272	88
14320	4796	272	86
14320	5236	272	24
14320	5874	272	76
14512	11264	272	64
14512	13288	272	98
14512	14058	272	29
14704	11264	272	5
14704	13288	272	16
14704	14058	272	42
14736	4906	272	69
14736	5874	272	36
2928	4290	272	39
2928	5060	272	33
3184	7832	272	75
4592	4180	272	75
4592	5544	272	72
13072	5016	272	44
13072	5874	272	29
13072	10516	272	64
13072	11264	272	65
13072	13288	272	33
13072	14058	272	97
10480	6842	272	90
10480	7612	272	79
10480	13508	272	60
11200	6512	272	55
11280	6512	272	72
11536	6512	272	37
12592	6512	272	50
6896	5170	272	53
6896	6732	272	20
7120	9988	272	56
7120	10516	272	75
3408	4180	272	31
3408	5280	272	30
3408	8712	272	84
3408	9240	272	80
3408	9922	272	78
3728	10516	272	38
7408	4796	272	18
7408	5390	272	93
7408	6732	272	99
7408	7172	272	80
3568	5280	272	93
2896	8272	272	53
2896	9240	272	38
2976	10076	272	31
4752	4180	272	16
4752	5544	272	63
12720	10406	272	12
12720	11264	272	81
12720	13288	272	45
12720	14058	272	17
2800	9768	272	81
2800	10296	272	21
2800	13772	272	19
2800	14212	272	82
2832	4290	272	11
2832	5060	272	56
2832	8272	272	13
2832	9240	272	92
8112	10516	272	45
8112	14058	272	81
8208	7832	272	71
8208	8866	272	56
1328	7304	272	38
1328	13992	272	67
1328	14432	272	73
12464	11044	272	97
12496	13288	272	94
12496	14058	272	96
9296	13508	272	86
9296	14058	272	52
9456	7612	272	96
9584	7612	272	39
9680	7612	272	31
9744	7612	272	89
9856	7612	272	64
10336	7612	272	38
10416	7612	272	54
10752	7612	272	43
5072	5544	272	11
6512	14432	272	98
7440	10516	272	98
7440	14168	272	88
12368	13288	272	80
12368	14058	272	42
13456	9328	272	11
13584	9328	272	46
14064	9328	272	93
15536	9328	272	63
15616	9328	272	21
15824	9328	272	79
16048	9328	272	57
16176	9328	272	57
14512	4906	272	31
14512	5874	272	11
17520	4290	272	81
14032	11704	272	63
14192	10516	272	53
14192	11264	272	42
12080	14058	272	39
12496	10516	272	20
16656	4796	272	1
13232	10516	272	16
13232	11264	272	60
13232	13288	272	89
13232	14058	272	22
13456	5390	272	16
10192	13508	272	7
14320	10516	272	18
14320	11264	272	50
14320	13288	272	14
14320	14058	272	31
14448	4906	272	84
14448	5874	272	31
14768	11264	272	70
14768	13288	272	11
14768	14058	272	93
14800	5874	272	17
9872	5170	272	10
9872	6732	272	74
10128	13508	272	84
16496	11264	272	24
16496	13288	272	89
15376	9768	272	11
15376	11264	272	72
15376	13288	272	65
15376	14058	272	51
15408	6138	272	42
6096	4796	272	48
6096	5544	272	3
6096	9240	272	19
6672	12320	272	63
6672	14432	272	50
7248	4796	272	33
7248	5390	272	69
7248	6732	272	74
7248	7172	272	47
8880	14168	272	85
8944	14168	272	12
13152	14168	272	3
13296	14168	272	2
13392	14168	272	87
13584	14168	272	71
14032	14168	272	18
14608	14168	272	63
15520	14168	272	42
15648	14168	272	9
15760	14168	272	53
15824	14168	272	26
15920	14168	272	69
15664	9768	272	63
15664	11264	272	43
15664	13288	272	16
16144	6358	272	27
14608	4906	272	97
14608	5874	272	99
15504	9768	272	69
16192	9768	272	9
5328	12320	272	81
6064	12320	272	75
9616	13508	272	26
9680	5170	272	95
9680	6732	272	92
8368	10516	272	13
10416	6292	272	16
4336	4620	272	22
5136	5544	272	63
5216	5544	272	99
5600	5544	272	26
6560	5544	272	42
6784	5544	272	50
8848	5544	272	47
9456	5544	272	55
9584	5544	272	77
9744	5544	272	42
9968	5544	272	51
13168	10516	272	29
13168	11264	272	60
13168	13288	272	57
3344	10516	272	8
3344	14212	272	35
6544	4180	272	32
6576	4796	272	37
6576	6732	272	15
6736	14432	272	13
8720	8976	272	8
8944	13508	272	20
9456	6732	272	11
3632	5280	272	33
15536	11264	272	32
15536	13288	272	26
15600	6138	272	59
6448	14432	272	89
1504	14432	272	28
2000	14432	272	14
2128	14432	272	26
2224	10604	272	22
2256	4840	272	63
2256	6160	272	55
2256	9768	272	62
5600	6732	272	35
6784	6732	272	95
8848	6732	272	20
9200	6732	272	56
9584	6732	272	42
9744	6732	272	5
13584	5456	272	90
14064	5456	272	68
14960	4796	272	88
15248	4796	272	96
15536	6204	272	21
15824	6204	272	93
16048	6204	272	52
16208	4796	272	24
16304	4796	272	91
16592	4796	272	71
16752	4796	272	93
12880	4906	272	39
13232	5236	272	18
13296	4906	272	92
15248	5874	272	90
16176	10296	272	82
16176	11264	272	46
16176	13288	272	71
16208	6512	272	65
13296	11264	272	64
13392	11264	272	69
13584	11264	272	52
14032	11264	272	64
14608	11264	272	33
15760	11264	272	99
15824	11264	272	63
15920	11264	272	18
16032	11264	272	69
2384	6160	272	34
2384	9768	272	61
2384	10296	272	21
2384	13992	272	48
2224	13772	272	8
2480	13772	272	39
2544	13772	272	23
2960	14212	272	14
3088	9240	272	89
1504	13992	272	51
2544	9768	272	98
2544	10296	272	76
2544	14212	272	48
2672	4290	272	3
2672	5060	272	36
8848	7282	272	32
8848	7832	272	86
3088	14212	272	39
3344	5170	272	35
3184	4180	272	47
3184	5170	272	74
2352	4730	272	22
8880	13508	272	79
13296	10516	272	30
13296	13288	272	77
13328	5874	272	95
17232	14168	272	61
17312	14168	272	5
17424	14168	272	10
18080	14168	272	22
18160	14168	272	49
18240	14168	272	94
18336	14168	272	78
18640	14168	272	23
13392	13288	272	55
13584	13288	272	26
14032	13288	272	28
14608	13288	272	29
15760	13288	272	86
15824	13288	272	32
15920	13288	272	11
16032	13288	272	4
16704	13288	272	80
16944	13288	272	37
17072	13288	272	31
17232	13288	272	4
17264	4290	272	40
15920	10296	272	46
16064	10296	272	41
9712	13508	272	66
17328	8976	272	46
17968	9768	272	84
18192	9768	272	79
18704	9768	272	54
18928	8668	272	68
13232	5874	272	82
14032	10516	272	69
13584	10516	272	69
14672	5874	272	71
13392	5874	272	73
13392	10516	272	36
5600	4796	272	64
17440	4400	272	50
1888	5500	272	26
2128	6160	272	86
2128	9768	272	40
2064	6160	272	68
2480	9768	272	63
2480	10296	272	42
2160	4840	272	92
2064	9768	272	25
3744	5280	272	19
18640	10428	272	18
18704	8668	272	57
15696	5764	272	54
9200	7392	272	35
15824	5764	272	42
8016	4906	272	100
9040	4796	272	98
9104	4796	272	23
18192	8668	272	46
19024	8668	272	48
9200	7832	272	12
6320	9020	272	30
18224	4213	272	9
14944	10208	272	35
1024	5808	272	51
5872	9328	272	26
2624	5808	272	80
8080	9460	272	96
4848	14520	272	69
6224	14520	272	12
6800	13750	272	62
6800	12694	272	86
10592	11704	272	6
12016	12848	272	56
9360	14520	272	71
11440	14520	272	53
6624	9680	272	51
6048	4400	272	66
304	4213	272	82
688	14410	272	60
7632	9680	272	72
560	4092	272	10
752	4092	272	20
6992	14520	272	86
7408	14520	272	88
8352	9680	272	68
14720	10208	272	15
12736	9988	272	23
2816	9460	272	99
8160	9680	272	40
12608	8492	272	56
11664	9768	272	53
14496	9108	272	45
608	4708	272	90
12480	10736	272	63
16640	7700	272	66
14384	10208	272	43
7712	9680	272	21
14784	10208	272	54
16512	11044	272	5
15392	9548	272	81
5712	4092	272	83
5840	4092	272	29
6096	4092	272	9
6688	11924	272	41
15952	14256	272	53
4560	4092	272	65
4784	4092	272	16
8416	9900	272	57
6128	4092	272	15
6576	4092	272	63
15568	9988	272	36
944	14520	272	95
2160	14520	272	15
15984	14146	272	33
14224	4708	272	90
14832	4708	272	33
14992	4708	272	62
15376	4708	272	66
16176	4708	272	21
16176	5478	272	49
16560	4708	272	10
16720	4708	272	92
16848	4708	272	54
12944	5236	272	30
14352	5104	272	64
16304	5742	272	55
2448	5500	272	52
3024	9460	272	34
8832	9680	272	89
10992	9152	272	1
3376	14410	272	23
13312	10208	272	54
17136	14256	272	72
17264	13596	272	3
13184	7920	272	62
16736	7700	272	25
15968	9988	272	44
15520	9548	272	6
205	13992	272	21
16032	10516	272	40
16064	10824	272	50
14048	9548	272	4
14640	10208	272	82
5232	4224	272	76
5232	4642	272	51
6992	4708	272	13
12304	4224	272	13
12304	4620	272	19
13904	4708	272	11
336	4213	272	29
336	4598	272	34
3792	4466	272	64
3792	5104	272	35
880	4092	272	57
2224	4092	272	90
2608	4092	272	39
3440	4092	272	53
17888	8888	272	100
11232	9152	272	28
18144	9988	272	31
15856	5016	272	84
15856	5588	272	75
7152	4708	272	35
7152	4884	272	68
7280	4708	272	14
7296	4796	272	15
7312	4708	272	94
7568	4708	272	71
8624	4708	272	78
8912	4708	272	11
9232	4708	272	9
9520	4708	272	75
10576	4708	272	45
10864	4708	272	85
7696	5104	272	56
9072	5016	272	100
9184	5016	272	62
10992	4708	272	59
11120	4708	272	21
